1 0.02581908831908832 0.022569444444444444 0.050213675213675216 0.04300213675213675
1 0.025551994301994303 0.07091346153846154 0.049679487179487176 0.0531517094017094
1 0.02733262108262108 0.12807158119658119 0.05324074074074074 0.055822649572649576
1 0.08173076923076923 0.023237179487179488 0.07727920227920228 0.046474358974358976
1 0.07879273504273504 0.07131410256410256 0.08386752136752136 0.05608974358974359
1 0.08199786324786325 0.12633547008547008 0.08742877492877493 0.0625
1 0.1537571225071225 0.028178418803418804 0.07425213675213675 0.05635683760683761
1 0.14948361823361822 0.07224893162393162 0.07995014245014245 0.05795940170940171
1 0.151264245014245 0.13007478632478633 0.07888176638176639 0.05608974358974359
1 0.21866096866096865 0.02564102564102564 0.08012820512820513 0.05128205128205128
1 0.21768162393162394 0.07772435897435898 0.07852564102564102 0.052884615384615384
1 0.21830484330484332 0.13007478632478633 0.07692307692307693 0.05608974358974359
1 0.28685897435897434 0.025774572649572648 0.07977207977207977 0.051549145299145296
1 0.2866809116809117 0.07585470085470085 0.08084045584045584 0.056623931623931624
1 0.286235754985755 0.12780448717948717 0.07959401709401709 0.06063034188034188
1 0.3626246438746439 0.022569444444444444 0.07104700854700854 0.04513888888888889
1 0.3558582621082621 0.07158119658119658 0.07745726495726496 0.052884615384615384
1 0.35523504273504275 0.12780448717948717 0.0787037037037037 0.05956196581196581
1 0.4249465811965812 0.02283653846153846 0.07425213675213675 0.04513888888888889
1 0.42503561253561256 0.07251602564102565 0.07407407407407407 0.052083333333333336
1 0.42467948717948717 0.1284722222222222 0.07478632478632478 0.05929487179487179
1 0.4960826210826211 0.019764957264957264 0.06552706552706553 0.03952991452991453
1 0.49439102564102566 0.06677350427350427 0.06997863247863248 0.053952991452991456
1 0.4934116809116809 0.125133547008547 0.07229344729344729 0.062232905982905984
1 0.5650819088319088 0.02216880341880342 0.07104700854700854 0.042200854700854704
1 0.5649928774928775 0.06997863247863248 0.07229344729344729 0.050213675213675216
1 0.5645477207977208 0.1266025641025641 0.06962250712250712 0.0625
1 0.6371972934472935 0.02096688034188034 0.07247150997150997 0.03926282051282051
1 0.6362179487179487 0.06757478632478632 0.07229344729344729 0.05181623931623932
1 0.6359508547008547 0.12526709401709402 0.07175925925925926 0.06356837606837606
1 0.7069978632478633 0.0219017094017094 0.07888176638176639 0.041666666666666664
1 0.7046830484330484 0.06931089743589744 0.07923789173789174 0.051549145299145296
1 0.7032585470085471 0.12633547008547008 0.07959401709401709 0.0625
1 0.7772435897435898 0.02403846153846154 0.08262108262108261 0.04807692307692308
1 0.7767984330484331 0.07091346153846154 0.08564814814814815 0.05689102564102564
1 0.7764423076923077 0.12913995726495728 0.08457977207977208 0.06063034188034188
1 0.8475783475783476 0.023370726495726496 0.08084045584045584 0.04674145299145299
1 0.8511396011396012 0.07305021367521368 0.08618233618233619 0.05422008547008547
1 0.8504273504273504 0.12780448717948717 0.08440170940170941 0.062232905982905984
1 0.9199608262108262 0.024572649572649572 0.0763888888888889 0.049145299145299144
1 0.9242343304843305 0.07518696581196581 0.08422364672364673 0.06383547008547008
1 0.9235220797720798 0.1264690170940171 0.08493589743589744 0.062232905982905984
1 0.9773860398860399 0.02310363247863248 0.0438034188034188 0.043536324786324784
1 0.9768518518518519 0.07264957264957266 0.04487179487179487 0.0641025641025641
1 0.9769408831908832 0.1267361111111111 0.04576210826210826 0.06063034188034188
1 0.027065527065527065 0.2091346153846154 0.05413105413105413 0.053952991452991456
1 0.02866809116809117 0.2620192307692308 0.05733618233618234 0.05074786324786325
1 0.02866809116809117 0.3138354700854701 0.056623931623931624 0.049679487179487176
1 0.028935185185185185 0.36738782051282054 0.05787037037037037 0.05635683760683761
1 0.0827991452991453 0.21006944444444445 0.08725071225071225 0.05422008547008547
1 0.08449074074074074 0.26175213675213677 0.0803062678062678 0.05448717948717949
1 0.08466880341880342 0.31477029914529914 0.08101851851851852 0.05261752136752137
1 0.08564814814814815 0.36912393162393164 0.08155270655270655 0.056623931623931624
1 0.1534900284900285 0.26348824786324787 0.08048433048433049 0.05261752136752137
1 0.15162037037037038 0.3154380341880342 0.07674501424501425 0.05074786324786325
1 0.1518874643874644 0.36952457264957267 0.07621082621082621 0.055822649572649576
1 0.21732549857549857 0.2127403846153846 0.0763888888888889 0.055288461538461536
1 0.21901709401709402 0.26509081196581197 0.07692307692307693 0.054754273504273504
1 0.22320156695156695 0.31637286324786323 0.08457977207977208 0.05368589743589743
1 0.22275641025641027 0.37072649572649574 0.08262108262108261 0.057158119658119656
1 0.28338675213675213 0.20953525641025642 0.07425213675213675 0.055288461538461536
1 0.28730413105413105 0.2640224358974359 0.07567663817663818 0.052083333333333336
1 0.28730413105413105 0.3155715811965812 0.07425213675213675 0.051549145299145296
1 0.28739316239316237 0.37072649572649574 0.07478632478632478 0.057158119658119656
1 0.35318732193732194 0.21127136752136752 0.07104700854700854 0.05235042735042735
1 0.3551460113960114 0.2640224358974359 0.07211538461538461 0.051014957264957264
1 0.35657051282051283 0.3161057692307692 0.07496438746438747 0.0499465811965812
1 0.3574608262108262 0.37059294871794873 0.07567663817663818 0.055822649572649576
1 0.4256588319088319 0.20993589743589744 0.07282763532763532 0.05128205128205128
1 0.42601495726495725 0.2625534188034188 0.07247150997150997 0.05181623931623932
1 0.42619301994301995 0.31517094017094016 0.07175925925925926 0.05074786324786325
1 0.4271723646723647 0.3700587606837607 0.07407407407407407 0.05742521367521367
1 0.49510327635327633 0.21153846153846154 0.07211538461538461 0.05235042735042735
1 0.4951923076923077 0.2642895299145299 0.07229344729344729 0.052083333333333336
1 0.49554843304843305 0.3158386752136752 0.07193732193732194 0.05048076923076923
1 0.4959045584045584 0.37086004273504275 0.07158119658119658 0.05689102564102564
1 0.5666844729344729 0.21006944444444445 0.06855413105413105 0.051014957264957264
1 0.5653490028490028 0.26282051282051283 0.07122507122507123 0.05074786324786325
1 0.5653490028490028 0.3142361111111111 0.07086894586894586 0.051549145299145296
1 0.5658831908831908 0.3699252136752137 0.06908831908831908 0.05822649572649573
1 0.635505698005698 0.2107371794871795 0.06801994301994302 0.04700854700854701
1 0.6353276353276354 0.26509081196581197 0.0698005698005698 0.06009615384615385
1 0.634704415954416 0.32024572649572647 0.06926638176638177 0.049679487179487176
1 0.6341702279202279 0.37232905982905984 0.06855413105413105 0.05502136752136752
1 0.7081552706552706 0.21047008547008547 0.07621082621082621 0.05235042735042735
1 0.7073539886039886 0.2638888888888889 0.0738960113960114 0.053418803418803416
1 0.7060185185185185 0.3174412393162393 0.07621082621082621 0.05261752136752137
1 0.7054843304843305 0.3731303418803419 0.0754985754985755 0.057692307692307696
1 0.7846331908831908 0.21314102564102563 0.07496438746438747 0.05822649572649573
1 0.7759081196581197 0.2669604700854701 0.08208689458689458 0.0531517094017094
1 0.7747507122507122 0.3193108974358974 0.08155270655270655 0.051014957264957264
1 0.7736823361823362 0.37446581196581197 0.08190883190883191 0.05876068376068376
1 0.8514957264957265 0.2154113247863248 0.07443019943019943 0.05368589743589743
1 0.8481125356125356 0.2686965811965812 0.07727920227920228 0.05074786324786325
1 0.8465099715099715 0.32011217948717946 0.07763532763532764 0.051549145299145296
1 0.8448183760683761 0.374866452991453 0.07923789173789174 0.05689102564102564
1 0.9198717948717948 0.2640224358974359 0.08582621082621082 0.05689102564102564
1 0.9192485754985755 0.3194444444444444 0.08386752136752136 0.05074786324786325
1 0.9182692307692307 0.37553418803418803 0.08440170940170941 0.057158119658119656
1 0.9691061253561254 0.2142094017094017 0.06143162393162393 0.052884615384615384
1 0.9732905982905983 0.265758547008547 0.053062678062678066 0.052884615384615384
1 0.9722222222222222 0.32024572649572647 0.0551994301994302 0.05608974358974359
1 0.9712428774928775 0.3762019230769231 0.0568019943019943 0.05742521367521367
1 0.030003561253561253 0.45392628205128205 0.06000712250712251 0.051549145299145296
1 0.02751068376068376 0.5042735042735043 0.05466524216524216 0.04700854700854701
1 0.026531339031339033 0.5534188034188035 0.05270655270655271 0.04754273504273504
1 0.02849002849002849 0.6041666666666666 0.05626780626780627 0.049679487179487176
1 0.119747150997151 0.453525641025641 0.049679487179487176 0.04754273504273504
1 0.08751780626780627 0.5020032051282052 0.08244301994301995 0.05422008547008547
1 0.14289529914529914 0.5022702991452992 0.026887464387464387 0.04513888888888889
1 0.08413461538461539 0.5531517094017094 0.08066239316239317 0.05235042735042735
1 0.08342236467236468 0.6060363247863247 0.07816951566951567 0.05181623931623932
1 0.15455840455840456 0.5535523504273504 0.07371794871794872 0.0499465811965812
1 0.15384615384615385 0.6043002136752137 0.07371794871794872 0.05261752136752137
1 0.21634615384615385 0.453125 0.06837606837606838 0.051014957264957264
1 0.21723646723646722 0.5048076923076923 0.06908831908831908 0.04861111111111111
1 0.21768162393162394 0.5548878205128205 0.06926638176638177 0.04887820512820513
1 0.2178596866096866 0.6064369658119658 0.06926638176638177 0.05261752136752137
1 0.28543447293447294 0.45419337606837606 0.06801994301994302 0.051549145299145296
1 0.28730413105413105 0.5045405982905983 0.06997863247863248 0.050213675213675216
1 0.28552350427350426 0.5550213675213675 0.0681980056980057 0.049679487179487176
1 0.2865918803418803 0.6069711538461539 0.06997863247863248 0.0531517094017094
1 0.3558582621082621 0.453392094017094 0.07496438746438747 0.0531517094017094
1 0.35327635327635326 0.5052083333333334 0.07015669515669516 0.051549145299145296
1 0.35345441595441596 0.5562232905982906 0.06908831908831908 0.051549145299145296
1 0.35274216524216523 0.6087072649572649 0.0698005698005698 0.05502136752136752
1 0.42396723646723644 0.4549946581196581 0.07086894586894586 0.0531517094017094
1 0.4231659544159544 0.5068108974358975 0.07033475783475783 0.051549145299145296
1 0.42298789173789175 0.5574252136752137 0.0706908831908832 0.05128205128205128
1 0.4224537037037037 0.6089743589743589 0.06855413105413105 0.053418803418803416
1 0.49421296296296297 0.4548611111111111 0.07104700854700854 0.053418803418803416
1 0.49385683760683763 0.5065438034188035 0.07104700854700854 0.0531517094017094
1 0.49278846153846156 0.5576923076923077 0.07033475783475783 0.05235042735042735
1 0.49278846153846156 0.6097756410256411 0.06997863247863248 0.05608974358974359
1 0.5612535612535613 0.45739850427350426 0.049145299145299144 0.044070512820512824
1 0.5639245014245015 0.5050747863247863 0.07051282051282051 0.053418803418803416
1 0.5639245014245015 0.5571581196581197 0.07086894586894586 0.052884615384615384
1 0.5636574074074074 0.609909188034188 0.07033475783475783 0.054754273504273504
1 0.6328347578347578 0.4477831196581197 0.07193732193732194 0.030181623931623932
1 0.6329237891737892 0.4779647435897436 0.07282763532763532 0.029113247863247864
1 0.6333689458689459 0.5081463675213675 0.07264957264957266 0.028579059829059828
1 0.6332799145299145 0.5372596153846154 0.07140313390313391 0.028579059829059828
1 0.6341702279202279 0.5663728632478633 0.07175925925925926 0.028044871794871796
1 0.6335470085470085 0.5950854700854701 0.07015669515669516 0.028311965811965812
1 0.6342592592592593 0.6256677350427351 0.07086894586894586 0.030715811965811964
1 0.7049501424501424 0.4581997863247863 0.07015669515669516 0.055822649572649576
1 0.7038817663817664 0.5116185897435898 0.07229344729344729 0.05368589743589743
1 0.7031695156695157 0.5631677350427351 0.07229344729344729 0.052083333333333336
1 0.7031695156695157 0.6155181623931624 0.0698005698005698 0.055822649572649576
1 0.7751068376068376 0.46033653846153844 0.06908831908831908 0.05261752136752137
1 0.7744836182336182 0.5118856837606838 0.0681980056980057 0.051549145299145296
1 0.7736823361823362 0.5623664529914529 0.06944444444444445 0.052083333333333336
1 0.7731481481481481 0.6155181623931624 0.07015669515669516 0.05422008547008547
1 0.8458867521367521 0.46100427350427353 0.06997863247863248 0.05555555555555555
1 0.8433048433048433 0.5138888888888888 0.06801994301994302 0.050213675213675216
1 0.844017094017094 0.5638354700854701 0.0698005698005698 0.049145299145299144
1 0.8436609686609686 0.6157852564102564 0.07015669515669516 0.05422008547008547
1 0.9155092592592593 0.4600694444444444 0.07603276353276353 0.052083333333333336
1 0.9158653846153846 0.5125534188034188 0.07816951566951567 0.050213675213675216
1 0.9155982905982906 0.5635683760683761 0.07727920227920228 0.05235042735042735
1 0.9163105413105413 0.6171207264957265 0.07621082621082621 0.05635683760683761
1 0.9738247863247863 0.46167200854700857 0.05163817663817664 0.0531517094017094
1 0.9724893162393162 0.5146901709401709 0.05466524216524216 0.05235042735042735
1 0.9722222222222222 0.5665064102564102 0.0551994301994302 0.05448717948717949
1 0.9724002849002849 0.6205929487179487 0.0551994301994302 0.05795940170940171
1 0.02938034188034188 0.7317040598290598 0.0584045584045584 0.06330128205128205
1 0.027777777777777776 0.7888621794871795 0.0551994301994302 0.04941239316239316
1 0.029647435897435896 0.8376068376068376 0.05929487179487179 0.04700854700854701
1 0.08440170940170941 0.6893696581196581 0.08297720797720798 0.05181623931623932
1 0.0880519943019943 0.7407852564102564 0.0860042735042735 0.04941239316239316
1 0.08529202279202279 0.7915331196581197 0.07656695156695156 0.05048076923076923
1 0.08618233618233619 0.8408119658119658 0.07763532763532764 0.049145299145299144
1 0.14440883190883191 0.7451923076923077 0.08012820512820513 0.03952991452991453
1 0.15073005698005698 0.7024572649572649 0.04683048433048433 0.04113247863247863
1 0.15295584045584046 0.7920673076923077 0.07264957264957266 0.05261752136752137
1 0.15073005698005698 0.8422809829059829 0.07033475783475783 0.051549145299145296
1 0.23717948717948717 0.6722756410256411 0.0405982905982906 0.018696581196581196
1 0.22293447293447294 0.7055288461538461 0.0754985754985755 0.04887820512820513
1 0.2228454415954416 0.7429220085470085 0.07532051282051282 0.030715811965811964
1 0.2199074074074074 0.7698985042735043 0.07229344729344729 0.03125
1 0.21972934472934472 0.7967414529914529 0.07229344729344729 0.03258547008547009
1 0.2175925925925926 0.8249198717948718 0.06766381766381767 0.03125
1 0.21901709401709402 0.8517628205128205 0.07336182336182336 0.03365384615384615
1 0.2857905982905983 0.6917735042735043 0.07585470085470085 0.052884615384615384
1 0.286502849002849 0.7419871794871795 0.07371794871794872 0.05181623931623932
1 0.28730413105413105 0.7913995726495726 0.07567663817663818 0.052884615384615384
1 0.28561253561253563 0.8420138888888888 0.07086894586894586 0.0531517094017094
1 0.36209045584045585 0.718482905982906 0.06356837606837606 0.06677350427350427
1 0.35701566951566954 0.7805822649572649 0.07478632478632478 0.07077991452991453
1 0.35692663817663817 0.828659188034188 0.07425213675213675 0.07558760683760683
1 0.42094017094017094 0.7377136752136753 0.07086894586894586 0.07104700854700854
1 0.4212962962962963 0.7940705128205128 0.07051282051282051 0.05982905982905983
1 0.4204059829059829 0.8449519230769231 0.0698005698005698 0.05956196581196581
1 0.4912749287749288 0.6964476495726496 0.07193732193732194 0.055822649572649576
1 0.4909188034188034 0.7466613247863247 0.07122507122507123 0.055822649572649576
1 0.49038461538461536 0.7955395299145299 0.07051282051282051 0.05742521367521367
1 0.4908297720797721 0.8484241452991453 0.06962250712250712 0.05368589743589743
1 0.563034188034188 0.6959134615384616 0.06908831908831908 0.055822649572649576
1 0.561698717948718 0.7486645299145299 0.06891025641025642 0.05235042735042735
1 0.5615206552706553 0.7979433760683761 0.06962250712250712 0.054754273504273504
1 0.5603632478632479 0.8480235042735043 0.07015669515669516 0.05555555555555555
1 0.6327457264957265 0.6995192307692307 0.06962250712250712 0.05502136752136752
1 0.6318554131054132 0.7498664529914529 0.07033475783475783 0.05422008547008547
1 0.6316773504273504 0.8000801282051282 0.07033475783475783 0.05635683760683761
1 0.6305199430199431 0.8501602564102564 0.07086894586894586 0.056623931623931624
1 0.7039707977207977 0.7008547008547008 0.07104700854700854 0.05555555555555555
1 0.7027243589743589 0.7514690170940171 0.0706908831908832 0.055288461538461536
1 0.7022792022792023 0.8019497863247863 0.07015669515669516 0.05635683760683761
1 0.7014779202279202 0.8534989316239316 0.07033475783475783 0.05689102564102564
1 0.7752849002849003 0.7008547008547008 0.0698005698005698 0.05555555555555555
1 0.7737713675213675 0.7522702991452992 0.06962250712250712 0.054754273504273504
1 0.7726139601139601 0.8031517094017094 0.07015669515669516 0.05555555555555555
1 0.7723468660968661 0.8545673076923077 0.07033475783475783 0.05422008547008547
1 0.844017094017094 0.7065972222222222 0.07478632478632478 0.039797008547008544
1 0.8426816239316239 0.7375801282051282 0.07104700854700854 0.036057692307692304
1 0.84375 0.7793803418803419 0.0746082621082621 0.052884615384615384
1 0.844284188034188 0.8279914529914529 0.07282763532763532 0.05822649572649573
1 0.8444622507122507 0.8681891025641025 0.07282763532763532 0.03819444444444445
1 0.9183582621082621 0.7067307692307693 0.07247150997150997 0.05876068376068376
1 0.9157763532763533 0.7600160256410257 0.07514245014245015 0.05795940170940171
1 0.9150641025641025 0.8088942307692307 0.07443019943019943 0.06169871794871795
1 0.9157763532763533 0.8612446581196581 0.07336182336182336 0.06009615384615385
1 0.9693732193732194 0.750534188034188 0.059472934472934474 0.07371794871794872
1 0.9733796296296297 0.8088942307692307 0.05252849002849003 0.05956196581196581
1 0.9738247863247863 0.8613782051282052 0.05235042735042735 0.05929487179487179
1 0.026887464387464387 0.9182692307692307 0.053062678062678066 0.049145299145299144
1 0.028133903133903133 0.9683493589743589 0.05626780626780627 0.04941239316239316
1 0.025284900284900286 0.9955929487179487 0.050213675213675216 0.006677350427350427
1 0.08110754985754985 0.9193376068376068 0.0625 0.04807692307692308
1 0.08520299145299146 0.9686164529914529 0.07104700854700854 0.048344017094017096
1 0.08484686609686609 0.9906517094017094 0.06891025641025642 0.017628205128205128
1 0.1521545584045584 0.9206730769230769 0.0706908831908832 0.046474358974358976
1 0.15295584045584046 0.9678151709401709 0.07158119658119658 0.052083333333333336
1 0.15322293447293447 0.9905181623931624 0.06855413105413105 0.017895299145299144
1 0.22248931623931623 0.9507211538461539 0.07674501424501425 0.0798611111111111
1 0.22044159544159544 0.9897168803418803 0.07193732193732194 0.020032051282051284
1 0.28703703703703703 0.9274839743589743 0.06766381766381767 0.05261752136752137
1 0.28543447293447294 0.9740918803418803 0.06801994301994302 0.05128205128205128
1 0.34962606837606836 0.9284188034188035 0.06962250712250712 0.05074786324786325
1 0.34953703703703703 0.9739583333333334 0.07051282051282051 0.051014957264957264
1 0.41871438746438744 0.9281517094017094 0.06784188034188034 0.04807692307692308
1 0.41889245014245013 0.9727564102564102 0.06641737891737892 0.052884615384615384
1 0.48726851851851855 0.9293536324786325 0.0681980056980057 0.05048076923076923
1 0.48717948717948717 0.9726228632478633 0.06908831908831908 0.054754273504273504
1 0.5566239316239316 0.9302884615384616 0.06837606837606838 0.05128205128205128
1 0.5564458689458689 0.9732905982905983 0.06908831908831908 0.052884615384615384
1 0.6263354700854701 0.9322916666666666 0.06891025641025642 0.051549145299145296
1 0.6246438746438746 0.9762286324786325 0.06908831908831908 0.04700854700854701
1 0.6958689458689459 0.9354967948717948 0.06801994301994302 0.051549145299145296
1 0.6941773504273504 0.9766292735042735 0.0706908831908832 0.04620726495726496
1 0.7662927350427351 0.937767094017094 0.07140313390313391 0.05128205128205128
1 0.7654024216524217 0.9770299145299145 0.07175925925925926 0.04433760683760684
1 0.8316417378917379 0.9616720085470085 0.07923789173789174 0.07612179487179487
1 0.9081196581196581 0.9435096153846154 0.07443019943019943 0.0531517094017094
1 0.9081196581196581 0.9803685897435898 0.07407407407407407 0.03872863247863248
1 0.9716880341880342 0.9492521367521367 0.05555555555555555 0.057158119658119656
1 0.9706196581196581 0.9878472222222222 0.0584045584045584 0.02377136752136752
1 0.41907051282051283 0.983573717948718 0.0681980056980057 0.032852564102564104
1 0.4878027065527066 0.983573717948718 0.06855413105413105 0.032852564102564104
1 0.5552884615384616 0.9837072649572649 0.06677350427350427 0.03205128205128205
1 0.624198717948718 0.9837072649572649 0.06784188034188034 0.03258547008547009
1 0.6897257834757835 0.984642094017094 0.0681980056980057 0.030181623931623932
1 0.28543447293447294 0.9877136752136753 0.06837606837606838 0.022435897435897436
1 0.3501602564102564 0.9861111111111112 0.0706908831908832 0.027243589743589744
