0 0.008486855723452702 0.05809968847352025 0.015317739598426828 0.01588785046728972
0 0.15224591181949906 0.05763239875389408 0.041192299730904575 0.018691588785046728
0 0.2374249637756158 0.06012461059190031 0.03974332436348582 0.020560747663551402
0 0.3227075139722625 0.048598130841121495 0.04098530324984475 0.009345794392523364
0 0.3957772717863796 0.04984423676012461 0.040157317325605464 0.013707165109034268
0 0.4507348375077624 0.05186915887850467 0.039950320844545646 0.01339563862928349
0 0.5231836058787 0.05077881619937695 0.039950320844545646 0.014330218068535825
0 0.6240943903953633 0.050623052959501556 0.040157317325605464 0.01339563862928349
0 0.6691161250258746 0.04844236760124611 0.04077830676878493 0.016510903426791276
0 0.7379424549782654 0.04844236760124611 0.0413992962119644 0.015264797507788162
0 0.8178430966673567 0.04844236760124611 0.03974332436348582 0.01277258566978193
0 0.8800455392258332 0.04610591900311527 0.04160629269302422 0.018691588785046728
0 0.9590146967501553 0.05093457943925234 0.040157317325605464 0.019626168224299065
0 0.9785758642103084 0.2736760124610592 0.039122334920306354 0.017133956386292833
0 0.9234113020078659 0.27258566978193144 0.03974332436348582 0.01806853582554517
0 0.8772510867315255 0.27320872274143304 0.040157317325605464 0.0161993769470405
0 0.8036638377147588 0.27289719626168224 0.039536327882425996 0.017445482866043614
0 0.7291451045332229 0.2735202492211838 0.039950320844545646 0.016822429906542057
0 0.554750569240323 0.27102803738317754 0.038915338439246536 0.013707165109034268
0 0.49472158973297453 0.2722741433021807 0.038501345477126886 0.011838006230529595
0 0.40654108880149037 0.27398753894080996 0.038501345477126886 0.014018691588785047
0 0.3427861726350652 0.2735202492211838 0.038915338439246536 0.018691588785046728
0 0.24725729662595736 0.2757009345794392 0.039536327882425996 0.01806853582554517
0 0.1619747464293107 0.27554517133956385 0.039536327882425996 0.016510903426791276
0 0.07731318567584351 0.27632398753894083 0.04077830676878493 0.014330218068535825
0 0.047712688884288965 0.4643302180685358 0.039950320844545646 0.015264797507788162
0 0.10028979507348375 0.4658878504672897 0.039536327882425996 0.014641744548286604
0 0.15410888014903745 0.4658878504672897 0.039536327882425996 0.016510903426791276
0 0.22707513972262472 0.4654205607476635 0.038501345477126886 0.019937694704049845
0 0.27354584972055473 0.46557632398753895 0.037880356033947425 0.019626168224299065
0 0.33450631339267234 0.46261682242990654 0.03808735251500724 0.02118380062305296
0 0.4155454357275926 0.46417445482866043 0.037880356033947425 0.016822429906542057
0 0.5213206375491617 0.4627725856697819 0.03746636307182778 0.016510903426791276
0 0.6527634030221486 0.461214953271028 0.03829434899606707 0.020872274143302182
0 0.7351480024839577 0.46137071651090344 0.03829434899606707 0.021806853582554516
0 0.7944524943075968 0.4632398753894081 0.03725936659076796 0.018691588785046728
0 0.8426826743945353 0.46214953271028036 0.036845373628648315 0.019003115264797508
0 0.9137859656385842 0.46417445482866043 0.037880356033947425 0.01806853582554517
0 0.9671910577520182 0.46261682242990654 0.03746636307182778 0.01806853582554517
0 0.9265162492237632 0.6423676012461059 0.038501345477126886 0.01557632398753894
0 0.8566549368660733 0.6461059190031153 0.03663837714758849 0.020560747663551402
0 0.7842061684951356 0.6476635514018692 0.03663837714758849 0.018691588785046728
0 0.7296625957358724 0.6475077881619937 0.036845373628648315 0.020249221183800622
0 0.6642517077209688 0.6487538940809969 0.036845373628648315 0.017133956386292833
0 0.5923204305526806 0.6489096573208722 0.03663837714758849 0.0161993769470405
0 0.3889463879114055 0.6489096573208722 0.03725936659076796 0.01806853582554517
0 0.3307803767335955 0.6489096573208722 0.0376733595528876 0.018691588785046728
0 0.0772096874353136 0.6493769470404984 0.038915338439246536 0.020872274143302182
0 0.04357275926309253 0.8197819314641744 0.039536327882425996 0.02336448598130841
0 0.11333057338025254 0.8213395638629284 0.03829434899606707 0.022741433021806853
0 0.19271372386669428 0.82398753894081 0.0376733595528876 0.020560747663551402
0 0.27385634444214446 0.8219626168224299 0.03725936659076796 0.0264797507788162
0 0.3399917201407576 0.8266355140186916 0.03622438418546885 0.020249221183800622
0 0.41761540053819085 0.82601246105919 0.03539639826122956 0.020249221183800622
0 0.4775408818050093 0.8241433021806853 0.03643138066652867 0.022741433021806853
0 0.5318774580832126 0.82601246105919 0.01800869385220451 0.016510903426791276
0 0.5564065410888015 0.832398753894081 0.034775408818050094 0.04236760124610592
0 0.5888014903746637 0.8235202492211838 0.028358517905195613 0.019626168224299065
0 0.6565928379217554 0.821183800623053 0.03725936659076796 0.023052959501557634
0 0.7149658455806251 0.8236760124610591 0.03560339474228938 0.017445482866043614
0 0.7669219623266404 0.8221183800623053 0.03601738770440902 0.01806853582554517
0 0.8073897743738356 0.8210280373831775 0.03663837714758849 0.017757009345794394
0 0.8533429931691161 0.8199376947040499 0.03705237010970813 0.01806853582554517
0 0.8937073069757814 0.8171339563862928 0.03539639826122956 0.01806853582554517
0 0.9382115504036431 0.8171339563862928 0.035810391223349204 0.01806853582554517
0 0.9865452287311116 0.8169781931464174 0.026495549575657213 0.01838006230529595
1 0.013868764231008072 0.025856697819314642 0.027737528462016145 0.02866043613707165
1 0.013351273028358517 0.009657320872274144 0.026702546056717034 0.019314641744548288
1 0.0489546677706479 0.027881619937694703 0.04036431380666529 0.023987538940809967
1 0.04885116953011799 0.010903426791277258 0.040157317325605464 0.021806853582554516
1 0.09242392879321051 0.027570093457943926 0.0424342786172635 0.022741433021806853
1 0.09200993583109088 0.009968847352024923 0.041192299730904575 0.019937694704049845
1 0.13475470916994411 0.010903426791277258 0.040157317325605464 0.021806853582554516
1 0.13423721796729457 0.025856697819314642 0.041192299730904575 0.02554517133956386
1 0.17780997723038708 0.025077881619937695 0.04098530324984475 0.0264797507788162
1 0.17749948250879735 0.010280373831775701 0.04036431380666529 0.020560747663551402
1 0.22158973297453943 0.024454828660436138 0.04284827157938315 0.025233644859813085
1 0.22076174705030013 0.008722741433021807 0.04160629269302422 0.017445482866043614
1 0.2646450010349824 0.025233644859813085 0.041192299730904575 0.032398753894081
1 0.26392051335127303 0.010124610591900311 0.04264127509832333 0.020249221183800622
1 0.30749327261436554 0.0235202492211838 0.0424342786172635 0.03208722741433022
1 0.3072862761333057 0.009190031152647975 0.04202028565514386 0.01838006230529595
1 0.3510660318774581 0.022585669781931463 0.0413992962119644 0.024610591900311528
1 0.3509625336369282 0.009501557632398754 0.04160629269302422 0.019003115264797508
1 0.38770440902504655 0.017445482866043614 0.029393500310494723 0.03489096573208723
1 0.41927137238666945 0.017133956386292833 0.03125646864003312 0.03426791277258567
1 0.4530117987994204 0.016666666666666666 0.030014489753674187 0.03333333333333333
1 0.49089215483336784 0.020249221183800622 0.041192299730904575 0.026168224299065422
1 0.490685158352308 0.00809968847352025 0.04160629269302422 0.0161993769470405
1 0.5334299316911613 0.020249221183800622 0.04181328917408404 0.02367601246105919
1 0.5334299316911613 0.009034267912772585 0.04181328917408404 0.01806853582554517
1 0.5760712067894845 0.008411214953271028 0.0413992962119644 0.016822429906542057
1 0.5761747050300144 0.020093457943925235 0.041192299730904575 0.023987538940809967
1 0.6193334713309874 0.008722741433021807 0.03974332436348582 0.017445482866043614
1 0.6193334713309874 0.019626168224299065 0.03974332436348582 0.024922118380062305
1 0.6609397640240116 0.008722741433021807 0.0413992962119644 0.017445482866043614
1 0.6613537569861312 0.018847352024922118 0.04181328917408404 0.024610591900311528
1 0.7039950320844546 0.020249221183800622 0.04098530324984475 0.023052959501557634
1 0.7038915338439247 0.008411214953271028 0.041192299730904575 0.016822429906542057
1 0.7467398054233078 0.009190031152647975 0.04202028565514386 0.01838006230529595
1 0.7466363071827778 0.019158878504672898 0.042227282136203685 0.024610591900311528
1 0.7897950734837508 0.00794392523364486 0.039122334920306354 0.01588785046728972
1 0.7897950734837508 0.019314641744548288 0.039122334920306354 0.024299065420560748
1 0.8315048644173049 0.008566978193146417 0.042227282136203685 0.017133956386292833
1 0.8315048644173049 0.019158878504672898 0.042227282136203685 0.024610591900311528
1 0.8736286483129787 0.018847352024922118 0.039950320844545646 0.025233644859813085
1 0.8735251500724488 0.008255451713395638 0.03974332436348582 0.016510903426791276
1 0.9152349410060029 0.021962616822429906 0.041192299730904575 0.027102803738317756
1 0.9152349410060029 0.008411214953271028 0.041192299730904575 0.016822429906542057
1 0.9568412336990271 0.02320872274143302 0.039950320844545646 0.0264797507788162
1 0.9568412336990271 0.009034267912772585 0.039950320844545646 0.01806853582554517
1 0.9888221900227696 0.024610591900311528 0.02194162699234113 0.024299065420560748
1 0.9889256882632995 0.009813084112149532 0.021734630511281307 0.019626168224299065
1 0.018526185054854066 0.09283489096573208 0.03705237010970813 0.03489096573208723
1 0.018940178016973713 0.11869158878504672 0.037880356033947425 0.03551401869158879
1 0.019354170979093355 0.14501557632398754 0.03870834195818671 0.03395638629283489
1 0.019354170979093355 0.17102803738317757 0.03870834195818671 0.03302180685358255
1 0.01987166218174291 0.197196261682243 0.03974332436348582 0.03177570093457944
1 0.0206996481059822 0.22320872274143302 0.0413992962119644 0.03208722741433022
1 0.021320637549161664 0.2468847352024922 0.04264127509832333 0.027102803738317756
1 0.06292693024218589 0.2470404984423676 0.04181328917408404 0.028037383177570093
1 0.062202442558476505 0.22133956386292836 0.041192299730904575 0.0308411214953271
1 0.061167460153177394 0.1954828660436137 0.041192299730904575 0.03208722741433022
1 0.0602359759884082 0.1690031152647975 0.04098530324984475 0.03208722741433022
1 0.059304491823639 0.1425233644859813 0.04077830676878493 0.03333333333333333
1 0.05816601117780998 0.11510903426791277 0.04098530324984475 0.03333333333333333
1 0.05692403229145104 0.08987538940809969 0.040157317325605464 0.03146417445482866
1 0.09749534257917615 0.08707165109034268 0.03974332436348582 0.03333333333333333
1 0.13961912647484992 0.08582554517133957 0.0424342786172635 0.03271028037383177
1 0.14117160008279858 0.1133956386292835 0.04388325398468226 0.03489096573208723
1 0.1423100807286276 0.14003115264797508 0.04367625750362244 0.03457943925233645
1 0.143034568412337 0.16682242990654206 0.04388325398468226 0.03457943925233645
1 0.144173049058166 0.19345794392523363 0.04409025046574208 0.03302180685358255
1 0.1450010349824053 0.220404984423676 0.04409025046574208 0.03208722741433022
1 0.14562202442558478 0.24485981308411214 0.04409025046574208 0.02866043613707165
1 0.1900227696129166 0.24532710280373832 0.043469261022562614 0.029595015576323987
1 0.18898778720761747 0.22009345794392524 0.04305526806044297 0.03333333333333333
1 0.18836679776443802 0.1929906542056075 0.043469261022562614 0.03271028037383177
1 0.18702132063754917 0.16557632398753894 0.04367625750362244 0.03271028037383177
1 0.18598633823225005 0.13878504672897196 0.04367625750362244 0.03271028037383177
1 0.18474435934589112 0.11199376947040499 0.043262264541502796 0.03333333333333333
1 0.18350238045953218 0.08566978193146417 0.0424342786172635 0.03177570093457944
1 0.22779962740633408 0.08753894080996885 0.0424342786172635 0.03364485981308411
1 0.22852411509004347 0.11417445482866044 0.0413992962119644 0.03395638629283489
1 0.22935210101428274 0.14080996884735203 0.04098530324984475 0.032398753894081
1 0.22986959221693232 0.16728971962616823 0.041192299730904575 0.03177570093457944
1 0.23090457462223143 0.1940809968847352 0.04077830676878493 0.03115264797507788
1 0.23183605878700062 0.220404984423676 0.04057131028772511 0.030218068535825544
1 0.23276754295176982 0.24610591900311526 0.04036431380666529 0.02866043613707165
1 0.27364934796108464 0.24548286604361372 0.04264127509832333 0.02866043613707165
1 0.2718898778720762 0.08660436137071652 0.04409025046574208 0.03364485981308411
1 0.2716828813910164 0.11261682242990655 0.04367625750362244 0.03582554517133956
1 0.27157938315048646 0.13909657320872273 0.043469261022562614 0.03208722741433022
1 0.272096874353136 0.16635514018691588 0.0424342786172635 0.03177570093457944
1 0.27261436555578555 0.1940809968847352 0.04264127509832333 0.03364485981308411
1 0.3144276547298696 0.08566978193146417 0.038915338439246536 0.03489096573208723
1 0.3144276547298696 0.11230529595015576 0.04057131028772511 0.03395638629283489
1 0.31391016352722 0.1395638629283489 0.04160629269302422 0.03426791277258567
1 0.31473814945145934 0.16666666666666666 0.04160629269302422 0.03489096573208723
1 0.3152556406541089 0.19376947040498443 0.042227282136203685 0.03426791277258567
1 0.2733388532394949 0.21806853582554517 0.04284827157938315 0.02679127725856698
1 0.3156696336162285 0.22087227414330218 0.04264127509832333 0.03364485981308411
1 0.31618712481887806 0.24595015576323986 0.04202028565514386 0.027725856697819316
1 0.35551645622024425 0.0853582554517134 0.041192299730904575 0.03489096573208723
1 0.3562409439039536 0.11370716510903427 0.04181328917408404 0.03489096573208723
1 0.35644794038501343 0.1412772585669782 0.042227282136203685 0.03208722741433022
1 0.3567584351066032 0.16713395638629283 0.04202028565514386 0.03333333333333333
1 0.3574829227903126 0.1939252336448598 0.04181328917408404 0.03271028037383177
1 0.3577934175119023 0.2205607476635514 0.04160629269302422 0.03115264797507788
1 0.3580004139929621 0.24595015576323986 0.041192299730904575 0.030218068535825544
1 0.3983647277996274 0.08582554517133957 0.04160629269302422 0.04330218068535826
1 0.3984682260401573 0.12398753894080997 0.04181328917408404 0.044859813084112146
1 0.39877872076174703 0.16261682242990655 0.04077830676878493 0.04299065420560748
1 0.39929621196439663 0.20109034267912773 0.0413992962119644 0.0426791277258567
1 0.3991927137238667 0.23925233644859814 0.04160629269302422 0.041121495327102804
1 0.44028151521424136 0.08426791277258568 0.03974332436348582 0.04205607476635514
1 0.4409025046574208 0.12149532710280374 0.04098530324984475 0.04548286604361371
1 0.4404885116953012 0.16074766355140188 0.042227282136203685 0.04423676012461059
1 0.44141999586007036 0.20093457943925233 0.04036431380666529 0.04361370716510903
1 0.4409025046574208 0.23909657320872274 0.04181328917408404 0.041433021806853584
1 0.4817843096667357 0.08302180685358256 0.04202028565514386 0.0426791277258567
1 0.48230180086938523 0.12227414330218069 0.04098530324984475 0.04330218068535826
1 0.4819913061477955 0.16105919003115265 0.0424342786172635 0.041121495327102804
1 0.4828192920720348 0.20015576323987538 0.04202028565514386 0.04018691588785047
1 0.48230180086938523 0.23800623052959502 0.04305526806044297 0.03925233644859813
1 0.5246325812461188 0.12040498442367602 0.0424342786172635 0.045171339563862926
1 0.5251500724487683 0.16074766355140188 0.0413992962119644 0.04361370716510903
1 0.5248395777271786 0.19922118380062306 0.04202028565514386 0.04205607476635514
1 0.5248395777271786 0.2381619937694704 0.04202028565514386 0.0426791277258567
1 0.5664458704202029 0.0838006230529595 0.0424342786172635 0.041744548286604365
1 0.5669633616228524 0.12180685358255451 0.04098530324984475 0.04236760124610592
1 0.5670668598633823 0.1602803738317757 0.04036431380666529 0.04579439252336449
1 0.5668598633823225 0.1998442367601246 0.04077830676878493 0.0426791277258567
1 0.5665493686607328 0.2381619937694704 0.04057131028772511 0.0426791277258567
1 0.6089836472779963 0.08286604361370717 0.04098530324984475 0.030529595015576325
1 0.6088801490374663 0.11105919003115265 0.039950320844545646 0.03271028037383177
1 0.6084661560753467 0.1383177570093458 0.04036431380666529 0.03115264797507788
1 0.6082591595942869 0.16510903426791276 0.039950320844545646 0.03115264797507788
1 0.6082591595942869 0.19267912772585669 0.041192299730904575 0.030218068535825544
1 0.6082591595942869 0.22009345794392524 0.041192299730904575 0.03146417445482866
1 0.6079486648726972 0.24470404984423677 0.04057131028772511 0.027725856697819316
1 0.6514179258952598 0.0838006230529595 0.04098530324984475 0.03302180685358255
1 0.6507969364520804 0.11261682242990655 0.042227282136203685 0.0308411214953271
1 0.6504864417304905 0.13909657320872273 0.04284827157938315 0.03271028037383177
1 0.6500724487683709 0.16557632398753894 0.041192299730904575 0.03271028037383177
1 0.649968950527841 0.19205607476635514 0.04098530324984475 0.030218068535825544
1 0.649968950527841 0.21713395638629285 0.03974332436348582 0.028037383177570093
1 0.6494514593251914 0.24485981308411214 0.041192299730904575 0.02679127725856698
1 0.6932312150693438 0.13738317757009347 0.042227282136203685 0.032398753894081
1 0.6925067273856345 0.16464174454828662 0.0424342786172635 0.03395638629283489
1 0.691885737942455 0.19190031152647974 0.04202028565514386 0.030529595015576325
1 0.6914717449803354 0.21697819314641745 0.04202028565514386 0.02897196261682243
1 0.6916787414613952 0.24485981308411214 0.04160629269302422 0.028037383177570093
1 0.7318360587870006 0.08364485981308412 0.043262264541502796 0.03146417445482866
1 0.7315255640654109 0.11214953271028037 0.043469261022562614 0.029906542056074768
1 0.7343200165597185 0.13894080996884736 0.03663837714758849 0.029283489096573207
1 0.7328710411922997 0.1660436137071651 0.03829434899606707 0.03115264797507788
1 0.7323535499896502 0.1925233644859813 0.038501345477126886 0.03115264797507788
1 0.73256054647071 0.2193146417445483 0.0376733595528876 0.02866043613707165
1 0.7319395570275306 0.24470404984423677 0.03808735251500724 0.0264797507788162
1 0.7794452494307597 0.08177570093457943 0.049886151935417095 0.04205607476635514
1 0.7787207617470503 0.12180685358255451 0.04967915545435728 0.04361370716510903
1 0.7784102670254606 0.16074766355140188 0.04740219416269923 0.041121495327102804
1 0.7769612916580418 0.1998442367601246 0.04823018008693852 0.03894080996884735
1 0.7762368039743325 0.23878504672897197 0.04843717656799834 0.03894080996884735
1 0.8304698820120058 0.08052959501557633 0.05050714137859656 0.04392523364485981
1 0.8297453943282964 0.11993769470404984 0.05112813082177603 0.04610591900311527
1 0.8288139101635272 0.1587227414330218 0.04843717656799834 0.040809968847352024
1 0.8265369488718691 0.19890965732087226 0.05050714137859656 0.040809968847352024
1 0.8258124611881598 0.2369158878504673 0.05112813082177603 0.038317757009345796
1 0.8765265990478162 0.08006230529595015 0.04077830676878493 0.03177570093457944
1 0.8763196025667563 0.10825545171339564 0.04036431380666529 0.0308411214953271
1 0.8750776236803974 0.13442367601246105 0.04036431380666529 0.028348909657320873
1 0.8738356447940385 0.16230529595015578 0.041192299730904575 0.02866043613707165
1 0.8732146553508591 0.1897196261682243 0.04202028565514386 0.027414330218068536
1 0.87217967294556 0.21651090342679127 0.04077830676878493 0.026168224299065422
1 0.8717656799834402 0.24221183800623053 0.04160629269302422 0.025856697819314642
1 0.9193748706271994 0.08068535825545171 0.0424342786172635 0.02866043613707165
1 0.9179258952597806 0.10794392523364486 0.04367625750362244 0.030218068535825544
1 0.9166839163734216 0.135202492211838 0.0424342786172635 0.029906542056074768
1 0.9159594286897123 0.16261682242990655 0.042227282136203685 0.029283489096573207
1 0.915131442765473 0.18925233644859812 0.04305526806044297 0.029595015576323987
1 0.913992962119644 0.2161993769470405 0.0424342786172635 0.02554517133956386
1 0.9134754709169944 0.24236760124610593 0.04098530324984475 0.02866043613707165
1 0.9608776650796936 0.10638629283489097 0.04264127509832333 0.030218068535825544
1 0.9596356861933347 0.135202492211838 0.04305526806044297 0.028037383177570093
1 0.9582902090664459 0.16199376947040497 0.0424342786172635 0.02866043613707165
1 0.9571517284206168 0.18862928348909658 0.04264127509832333 0.027725856697819316
1 0.9565307389774373 0.21526479750778815 0.04264127509832333 0.02866043613707165
1 0.9551852618505485 0.24221183800623053 0.04284827157938315 0.027102803738317756
1 0.9905816601117781 0.10856697819314642 0.01800869385220451 0.02897196261682243
1 0.9898571724280687 0.13629283489096572 0.01862968329538398 0.027725856697819316
1 0.9899606706685986 0.16355140186915887 0.020078658662802732 0.02554517133956386
1 0.9889256882632995 0.19080996884735202 0.021320637549161664 0.025233644859813085
1 0.9888221900227696 0.21651090342679127 0.022355619954460774 0.026168224299065422
1 0.9883046988201201 0.24314641744548288 0.02297660939764024 0.025856697819314642
1 0.018215690333264336 0.3179127725856698 0.03560339474228938 0.040809968847352024
1 0.05858000413992962 0.318380062305296 0.044297246946801906 0.03925233644859813
1 0.10339474228938109 0.30856697819314644 0.04367625750362244 0.029595015576323987
1 0.018940178016973713 0.3560747663551402 0.03705237010970813 0.03987538940809969
1 0.019457669219623268 0.39345794392523364 0.038915338439246536 0.03925233644859813
1 0.020078658662802732 0.43068535825545173 0.03932933140136618 0.03894080996884735
1 0.060028979507348375 0.35685358255451716 0.04678120471951977 0.03707165109034268
1 0.061063961912647485 0.39299065420560747 0.04595321879528048 0.03644859813084112
1 0.06240943903953633 0.43177570093457945 0.04533222935210102 0.03987538940809969
1 0.1036017387704409 0.3339563862928349 0.04409025046574208 0.02866043613707165
1 0.10484371765679984 0.3601246105919003 0.044504243427861724 0.024922118380062305
1 0.10556820534050922 0.38535825545171337 0.044297246946801906 0.02679127725856698
1 0.10608569654315876 0.41074766355140185 0.04409025046574208 0.0264797507788162
1 0.10691368246739806 0.4367601246105919 0.04409025046574208 0.02554517133956386
1 0.14665700683088387 0.30794392523364483 0.044504243427861724 0.027725856697819316
1 0.14707099979300353 0.3333333333333333 0.044504243427861724 0.02866043613707165
1 0.14810598219830262 0.35934579439252334 0.044504243427861724 0.027725856697819316
1 0.14893396812254192 0.38426791277258565 0.04367625750362244 0.0264797507788162
1 0.14965845580625128 0.4101246105919003 0.043469261022562614 0.025856697819314642
1 0.15038294348996067 0.4358255451713396 0.04367625750362244 0.027414330218068536
1 0.18991927137238668 0.30809968847352026 0.04284827157938315 0.027414330218068536
1 0.1911612502587456 0.3339563862928349 0.04409025046574208 0.02866043613707165
1 0.19178223970192507 0.35965732087227414 0.04284827157938315 0.0264797507788162
1 0.19250672738563446 0.385202492211838 0.044297246946801906 0.028348909657320873
1 0.1931277168288139 0.40950155763239876 0.044297246946801906 0.0264797507788162
1 0.19374870627199337 0.43613707165109034 0.04305526806044297 0.026168224299065422
1 0.23183605878700062 0.30482866043613704 0.0413992962119644 0.028348909657320873
1 0.23287104119229973 0.3317757009345794 0.0413992962119644 0.027414330218068536
1 0.23411302007865867 0.3573208722741433 0.04057131028772511 0.027414330218068536
1 0.23504450424342785 0.3836448598130841 0.041192299730904575 0.025233644859813085
1 0.23618298488925688 0.4093457943925234 0.0413992962119644 0.02554517133956386
1 0.23763196025667563 0.4350467289719626 0.0413992962119644 0.025233644859813085
1 0.2733388532394949 0.30654205607476637 0.04409025046574208 0.028037383177570093
1 0.2740633409232043 0.33286604361370714 0.043469261022562614 0.0264797507788162
1 0.2748913268474436 0.35950155763239877 0.04181328917408404 0.02679127725856698
1 0.2758228110122128 0.3847352024922118 0.0424342786172635 0.02554517133956386
1 0.2768577934175119 0.4102803738317757 0.04160629269302422 0.02554517133956386
1 0.2785137652659905 0.4358255451713396 0.04160629269302422 0.02554517133956386
1 0.3124611881598013 0.30794392523364483 0.03539639826122956 0.03520249221183801
1 0.31391016352722 0.34890965732087226 0.03622438418546885 0.041744548286604365
1 0.317429103705237 0.3886292834890966 0.04077830676878493 0.03582554517133956
1 0.3191885737942455 0.42710280373831777 0.042227282136203685 0.03987538940809969
1 0.35644794038501343 0.309190031152648 0.03974332436348582 0.04018691588785047
1 0.3580004139929621 0.3490654205607477 0.04202028565514386 0.04018691588785047
1 0.3576899192713724 0.3883177570093458 0.040157317325605464 0.03644859813084112
1 0.3589318981577313 0.4277258566978193 0.040157317325605464 0.03987538940809969
1 0.39691575243220867 0.30077881619937696 0.03746636307182778 0.0264797507788162
1 0.39764024011591803 0.32741433021806854 0.038915338439246536 0.027414330218068536
1 0.39929621196439663 0.35389408099688474 0.03932933140136618 0.02554517133956386
1 0.3998137031670462 0.3813084112149533 0.04036431380666529 0.028037383177570093
1 0.400020699648106 0.4077881619937695 0.039950320844545646 0.026168224299065422
1 0.4001241978886359 0.43411214953271027 0.03808735251500724 0.027725856697819316
1 0.43893603808735254 0.30062305295950154 0.04077830676878493 0.026168224299065422
1 0.4388325398468226 0.32710280373831774 0.042227282136203685 0.024922118380062305
1 0.4397640240115918 0.35342679127725857 0.041192299730904575 0.0264797507788162
1 0.44017801697371145 0.37990654205607477 0.04202028565514386 0.0264797507788162
1 0.440695508176361 0.40498442367601245 0.042227282136203685 0.029283489096573207
1 0.4407990064168909 0.4334890965732087 0.04077830676878493 0.02897196261682243
1 0.4803353342993169 0.29470404984423676 0.04077830676878493 0.019937694704049845
1 0.48095632374249636 0.31978193146417444 0.041192299730904575 0.027725856697819316
1 0.4814738149451459 0.3485981308411215 0.0413992962119644 0.029283489096573207
1 0.4831297867936245 0.4046728971962617 0.04098530324984475 0.02866043613707165
1 0.4818878079072656 0.37741433021806853 0.042227282136203685 0.028348909657320873
1 0.48230180086938523 0.431619937694704 0.038915338439246536 0.0264797507788162
1 0.5211136410681019 0.29439252336448596 0.030842475677913476 0.02118380062305296
1 0.5224591181949907 0.31931464174454827 0.03353342993169116 0.027414330218068536
1 0.5230801076381701 0.3482866043613707 0.03643138066652867 0.02866043613707165
1 0.5231836058787 0.37585669781931463 0.041192299730904575 0.027102803738317756
1 0.5237010970813496 0.40342679127725856 0.0376733595528876 0.02866043613707165
1 0.5241150900434692 0.431619937694704 0.03353342993169116 0.02897196261682243
1 0.5643759056096046 0.2926791277258567 0.03332643345063134 0.016510903426791276
1 0.561684951355827 0.3186915887850467 0.039122334920306354 0.027414330218068536
1 0.5626164355205961 0.34735202492211836 0.04181328917408404 0.03115264797507788
1 0.5637549161664251 0.376791277258567 0.03746636307182778 0.030218068535825544
1 0.564996895052784 0.4057632398753894 0.03705237010970813 0.0264797507788162
1 0.5647898985717242 0.43177570093457945 0.03746636307182778 0.028037383177570093
1 0.607017180707928 0.318380062305296 0.04036431380666529 0.02866043613707165
1 0.6062926930242186 0.34890965732087226 0.03974332436348582 0.026168224299065422
1 0.6056717035810392 0.3763239875389408 0.03974332436348582 0.02679127725856698
1 0.60463672117574 0.4048286604361371 0.04098530324984475 0.024610591900311528
1 0.6043262264541502 0.43146417445482865 0.04036431380666529 0.02679127725856698
1 0.6475884909956531 0.31822429906542055 0.039950320844545646 0.02897196261682243
1 0.6468640033119437 0.34735202492211836 0.0413992962119644 0.029283489096573207
1 0.6462430138687643 0.3744548286604361 0.040157317325605464 0.028037383177570093
1 0.6452080314634652 0.4031152647975078 0.03932933140136618 0.028037383177570093
1 0.6446905402608155 0.4309968847352025 0.04036431380666529 0.027725856697819316
1 0.6891947836886773 0.3180685358255452 0.04036431380666529 0.02866043613707165
1 0.6882632995239081 0.3468847352024922 0.0413992962119644 0.030218068535825544
1 0.6871248188780791 0.3766355140186916 0.04036431380666529 0.02866043613707165
1 0.6868143241564894 0.40389408099688473 0.04098530324984475 0.027725856697819316
1 0.6857793417511903 0.4322429906542056 0.04098530324984475 0.027102803738317756
1 0.7298695922169323 0.31246105919003114 0.03974332436348582 0.038629283489096576
1 0.7283171186089836 0.3490654205607477 0.04077830676878493 0.03457943925233645
1 0.7274891326847444 0.3866043613707165 0.04036431380666529 0.038006230529595016
1 0.7268681432415649 0.4264797507788162 0.04036431380666529 0.038629283489096576
1 0.7753053198095632 0.30389408099688475 0.04202028565514386 0.03894080996884735
1 0.7738563444421445 0.3426791277258567 0.04533222935210102 0.03987538940809969
1 0.773235354998965 0.38271028037383176 0.04491823638998137 0.03894080996884735
1 0.7733388532394949 0.42383177570093455 0.04181328917408404 0.03956386292834891
1 0.8173256054647071 0.30249221183800623 0.039950320844545646 0.038629283489096576
1 0.8167046160215277 0.34236760124610593 0.04036431380666529 0.03925233644859813
1 0.8156696336162286 0.3820872274143302 0.039950320844545646 0.03894080996884735
1 0.8144276547298696 0.42289719626168226 0.039536327882425996 0.041433021806853584
1 0.8591388946387911 0.3015576323987539 0.04284827157938315 0.0367601246105919
1 0.8575864210308425 0.34190031152647976 0.0413992962119644 0.04018691588785047
1 0.856965431587663 0.3820872274143302 0.04264127509832333 0.03894080996884735
1 0.8551024632581246 0.42258566978193146 0.04181328917408404 0.04205607476635514
1 0.9062305940799006 0.30093457943925234 0.04636721175740013 0.024922118380062305
1 0.9050921134340716 0.32725856697819317 0.04740219416269923 0.023987538940809967
1 0.9033326433450631 0.35373831775700937 0.04843717656799834 0.024610591900311528
1 0.9025046574208239 0.3794392523364486 0.047609190643759056 0.024299065420560748
1 0.9013661767749949 0.4045171339563863 0.04781618712481888 0.02336448598130841
1 0.9007451873318154 0.4305295950155763 0.046574208238459945 0.027414330218068536
1 0.9486648726971642 0.30218068535825543 0.038501345477126886 0.026168224299065422
1 0.9480438832539847 0.32897196261682243 0.03725936659076796 0.026168224299065422
1 0.9469054026081557 0.35373831775700937 0.03870834195818671 0.025856697819314642
1 0.9457669219623266 0.3781931464174455 0.038915338439246536 0.02679127725856698
1 0.9448354377975574 0.40420560747663553 0.03829434899606707 0.025233644859813085
1 0.9435934589111985 0.4305295950155763 0.03829434899606707 0.026168224299065422
1 0.9839577727178638 0.3029595015576324 0.032084454564272405 0.024610591900311528
1 0.9831297867936245 0.32663551401869156 0.032084454564272405 0.0264797507788162
1 0.9829227903125647 0.3532710280373832 0.034154419374870626 0.028037383177570093
1 0.9829227903125647 0.3789719626168224 0.03332643345063134 0.027102803738317756
1 0.9817843096667357 0.40373831775700936 0.03560339474228938 0.024922118380062305
1 0.9809563237424964 0.4305295950155763 0.03725936659076796 0.027414330218068536
1 0.009004346926102256 0.5031152647975078 0.01800869385220451 0.03925233644859813
1 0.00931484164769199 0.540809968847352 0.01862968329538398 0.03613707165109034
1 0.010246325812461187 0.5761682242990654 0.01966466570068309 0.03457943925233645
1 0.011177809977230387 0.6123052959501558 0.021527634030221485 0.03707165109034268
1 0.03705237010970813 0.5043613707165109 0.03932933140136618 0.03551401869158879
1 0.03746636307182778 0.540809968847352 0.04098530324984475 0.038006230529595016
1 0.03943282964189609 0.5767912772585669 0.04036431380666529 0.03520249221183801
1 0.041295797971434484 0.6129283489096573 0.039536327882425996 0.03707165109034268
1 0.07576071206789485 0.5057632398753894 0.03974332436348582 0.038317757009345796
1 0.07731318567584351 0.5412772585669782 0.04036431380666529 0.03707165109034268
1 0.07886565928379217 0.5781931464174455 0.03974332436348582 0.038006230529595016
1 0.07990064168909129 0.6135514018691589 0.040157317325605464 0.03582554517133956
1 0.11622852411509005 0.5060747663551401 0.0424342786172635 0.03707165109034268
1 0.1176774994825088 0.5426791277258567 0.04160629269302422 0.03551401869158879
1 0.11881598012833781 0.5778816199376947 0.04098530324984475 0.037383177570093455
1 0.12036845373628648 0.6141744548286604 0.04160629269302422 0.03707165109034268
1 0.15690333264334505 0.5057632398753894 0.03932933140136618 0.03644859813084112
1 0.15793831504864417 0.5422118380062305 0.03974332436348582 0.03520249221183801
1 0.15866280273235356 0.5772585669781931 0.04077830676878493 0.0367601246105919
1 0.16052577106189195 0.6140186915887851 0.04077830676878493 0.03987538940809969
1 0.1987166218174291 0.6146417445482866 0.038915338439246536 0.041121495327102804
1 0.19799213413371972 0.5794392523364486 0.03829434899606707 0.03925233644859813
1 0.19664665700683087 0.5442367601246106 0.038501345477126886 0.038006230529595016
1 0.19561167460153178 0.5085669781931464 0.038915338439246536 0.038317757009345796
1 0.23494100600289794 0.5093457943925234 0.04098530324984475 0.038006230529595016
1 0.2352515007244877 0.5453271028037383 0.041192299730904575 0.03894080996884735
1 0.2363899813703167 0.5814641744548287 0.040157317325605464 0.04018691588785047
1 0.237217967294556 0.616822429906542 0.040157317325605464 0.040498442367601244
1 0.2773752846201615 0.617601246105919 0.04057131028772511 0.04018691588785047
1 0.3173256054647071 0.6169781931464174 0.03974332436348582 0.029595015576323987
1 0.3172221072241772 0.5925233644859813 0.039536327882425996 0.029906542056074768
1 0.3167046160215276 0.5682242990654206 0.03974332436348582 0.029283489096573207
1 0.31608362657834815 0.5439252336448598 0.03932933140136618 0.02866043613707165
1 0.3155661353756986 0.5190031152647975 0.039122334920306354 0.02866043613707165
1 0.3154626371351687 0.4940809968847352 0.03932933140136618 0.027414330218068536
1 0.355826950941834 0.49470404984423677 0.0413992962119644 0.02866043613707165
1 0.3561374456634237 0.5191588785046729 0.04160629269302422 0.02897196261682243
1 0.35644794038501343 0.5448598130841121 0.04098530324984475 0.030529595015576325
1 0.3561374456634237 0.5690031152647975 0.04036431380666529 0.028348909657320873
1 0.3566549368660733 0.5940809968847353 0.03974332436348582 0.029906542056074768
1 0.35737942454978266 0.6179127725856698 0.039536327882425996 0.03146417445482866
1 0.39774373835644794 0.6180685358255452 0.039950320844545646 0.030529595015576325
1 0.39805423307803767 0.5936137071651091 0.04057131028772511 0.03146417445482866
1 0.3975367418753881 0.5683800623052959 0.04160629269302422 0.0308411214953271
1 0.3970192506727386 0.5433021806853583 0.0413992962119644 0.029906542056074768
1 0.39681225419167876 0.5174454828660436 0.040157317325605464 0.028037383177570093
1 0.39660525771061894 0.4928348909657321 0.04181328917408404 0.028037383177570093
1 0.43717656799834403 0.5031152647975078 0.040157317325605464 0.04299065420560748
1 0.4379010556820534 0.540809968847352 0.04077830676878493 0.03925233644859813
1 0.4377975574415235 0.5752336448598131 0.04098530324984475 0.04018691588785047
1 0.4377975574415235 0.611214953271028 0.03974332436348582 0.041744548286604365
1 0.4782653694887187 0.6123052959501558 0.04036431380666529 0.04205607476635514
1 0.4784723659697785 0.5763239875389408 0.04036431380666529 0.041121495327102804
1 0.4782653694887187 0.540809968847352 0.04036431380666529 0.04236760124610592
1 0.47816187124818876 0.5042056074766356 0.03932933140136618 0.0426791277258567
1 0.5183191885737942 0.5031152647975078 0.040157317325605464 0.04361370716510903
1 0.5182156903332643 0.5398753894080996 0.039950320844545646 0.041744548286604365
1 0.5184226868143241 0.5755451713395638 0.04036431380666529 0.0426791277258567
1 0.518526185054854 0.609968847352025 0.038501345477126886 0.04236760124610592
1 0.556924032291451 0.6077881619937695 0.037880356033947425 0.040498442367601244
1 0.5568205340509211 0.573208722741433 0.03725936659076796 0.041121495327102804
1 0.5568205340509211 0.5373831775700935 0.03808735251500724 0.041121495327102804
1 0.5574415234941006 0.5004672897196262 0.038501345477126886 0.04205607476635514
1 0.596460360173877 0.5023364485981309 0.041192299730904575 0.04330218068535826
1 0.5960463672117574 0.5392523364485982 0.04077830676878493 0.041121495327102804
1 0.5959428689712275 0.5750778816199377 0.040157317325605464 0.041744548286604365
1 0.596460360173877 0.6101246105919003 0.04036431380666529 0.04205607476635514
1 0.637135168702132 0.502803738317757 0.04098530324984475 0.04299065420560748
1 0.6369281722210722 0.5392523364485982 0.04057131028772511 0.041744548286604365
1 0.6366176774994825 0.5749221183800624 0.04036431380666529 0.0426791277258567
1 0.635996688056303 0.6096573208722741 0.04077830676878493 0.041121495327102804
1 0.6764645001034982 0.6090342679127726 0.04057131028772511 0.040498442367601244
1 0.6757400124197889 0.57398753894081 0.039536327882425996 0.041433021806853584
1 0.6765679983440281 0.5384735202492212 0.039536327882425996 0.040809968847352024
1 0.6768784930656179 0.5010903426791278 0.03932933140136618 0.04205607476635514
1 0.7193127716828814 0.5004672897196262 0.04181328917408404 0.04454828660436137
1 0.7196232664044712 0.5376947040498442 0.04036431380666529 0.041744548286604365
1 0.7186917822397019 0.573208722741433 0.04098530324984475 0.041744548286604365
1 0.7178637963154626 0.6090342679127726 0.04057131028772511 0.04236760124610592
1 0.7604015731732561 0.6074766355140186 0.04160629269302422 0.044859813084112146
1 0.7608155661353757 0.569626168224299 0.04160629269302422 0.04330218068535826
1 0.7619540467812047 0.5309968847352025 0.0413992962119644 0.04392523364485981
1 0.7624715379838543 0.49439252336448597 0.04284827157938315 0.041121495327102804
1 0.8028358517905195 0.4937694704049844 0.03829434899606707 0.03987538940809969
1 0.8015938729041606 0.5302180685358255 0.03829434899606707 0.041744548286604365
1 0.8004553922583316 0.567601246105919 0.03725936659076796 0.04423676012461059
1 0.7997309045746223 0.6057632398753894 0.03746636307182778 0.04454828660436137
1 0.8380252535706892 0.6051401869158879 0.039122334920306354 0.04330218068535826
1 0.8389567377354585 0.5665109034267912 0.03974332436348582 0.04205607476635514
1 0.8405092113434072 0.5292834890965732 0.039122334920306354 0.041744548286604365
1 0.8415441937487063 0.4928348909657321 0.039122334920306354 0.03925233644859813
1 0.8765265990478162 0.6110591900311526 0.03829434899606707 0.027725856697819316
1 0.8778720761747051 0.5866043613707165 0.0376733595528876 0.026168224299065422
1 0.8781825708962948 0.5629283489096574 0.03829434899606707 0.02554517133956386
1 0.879114055061064 0.5380062305295951 0.03932933140136618 0.02554517133956386
1 0.8804595321879528 0.5144859813084112 0.039122334920306354 0.028348909657320873
1 0.881391016352722 0.4895638629283489 0.03974332436348582 0.02897196261682243
1 0.924446284413165 0.49065420560747663 0.04388325398468226 0.028037383177570093
1 0.9236182984889257 0.5151090342679128 0.04264127509832333 0.025856697819314642
1 0.9216518319188574 0.5397196261682243 0.04284827157938315 0.025233644859813085
1 0.9205133512730284 0.5638629283489096 0.04305526806044297 0.02679127725856698
1 0.9190643759056096 0.5861370716510903 0.04264127509832333 0.030218068535825544
1 0.9185468847029601 0.6109034267912773 0.04284827157938315 0.03115264797507788
1 0.9584972055475057 0.611993769470405 0.037880356033947425 0.02897196261682243
1 0.9602566756365142 0.5875389408099688 0.038501345477126886 0.029283489096573207
1 0.9610846615607535 0.5627725856697819 0.040157317325605464 0.030218068535825544
1 0.962740633409232 0.5395638629283489 0.038501345477126886 0.02866043613707165
1 0.9642931070171807 0.5151090342679128 0.039122334920306354 0.028348909657320873
1 0.9654315876630097 0.490809968847352 0.03808735251500724 0.023987538940809967
1 0.9920306354791969 0.49096573208722744 0.015524736079486649 0.028037383177570093
1 0.9913061477954874 0.5166666666666667 0.016973711446905404 0.027102803738317756
1 0.9908921548333678 0.5406542056074767 0.01780169737114469 0.028348909657320873
1 0.9896501759470089 0.5889408099688473 0.020285655143862553 0.02897196261682243
1 0.9886151935417098 0.6126168224299066 0.022355619954460774 0.0308411214953271
1 0.007244876837093769 0.7853582554517134 0.014489753674187538 0.03426791277258567
1 0.006934382115504036 0.7616822429906542 0.013868764231008072 0.032398753894081
1 0.0065203891533843926 0.7353582554517134 0.013040778306768785 0.03208722741433022
1 0.006106396191264749 0.7090342679127726 0.012212792382529498 0.03115264797507788
1 0.005071413785965638 0.6825545171339564 0.010142827571931277 0.03364485981308411
1 0.024322086524529083 0.6669781931464175 0.028358517905195613 0.014953271028037384
1 0.02504657420823846 0.6839563862928348 0.03022148623473401 0.03271028037383177
1 0.02587456013247775 0.7099688473520249 0.028565514386255434 0.032398753894081
1 0.02722003725936659 0.7367601246105919 0.028772510867315255 0.030529595015576325
1 0.0282550196646657 0.7618380062305296 0.028772510867315255 0.03271028037383177
1 0.029600496791554545 0.7881619937694704 0.028565514386255434 0.030529595015576325
1 0.053508590353963985 0.6682242990654206 0.030842475677913476 0.016822429906542057
1 0.05495756572138274 0.6869158878504673 0.0329124404885117 0.03426791277258567
1 0.055785551645622024 0.7121495327102804 0.032498447526392055 0.03177570093457944
1 0.05713102877251087 0.7390965732087228 0.03229145104533223 0.0308411214953271
1 0.05826950941833989 0.7638629283489097 0.03167046160215276 0.03177570093457944
1 0.05971848478575864 0.7894080996884735 0.03125646864003312 0.03115264797507788
1 0.09345891119850963 0.7922118380062305 0.03746636307182778 0.02866043613707165
1 0.09211343407162079 0.7688473520249222 0.03643138066652867 0.029906542056074768
1 0.09118194990685158 0.7454828660436137 0.03705237010970813 0.029283489096573207
1 0.09014696750155247 0.7221183800623053 0.037880356033947425 0.030529595015576325
1 0.08921548333678328 0.6985981308411215 0.0376733595528876 0.029595015576323987
1 0.08973297453943282 0.6749221183800623 0.04202028565514386 0.028348909657320873
1 0.1289588077002691 0.6954828660436138 0.042227282136203685 0.040809968847352024
1 0.13020078658662804 0.7246105919003115 0.042227282136203685 0.030529595015576325
1 0.12989029186503828 0.7244548286604361 0.04284827157938315 0.030218068535825544
1 0.13040778306768785 0.7485981308411215 0.04098530324984475 0.02866043613707165
1 0.13133926723245704 0.7724299065420561 0.04077830676878493 0.02897196261682243
1 0.1327882425998758 0.7951713395638629 0.04160629269302422 0.030218068535825544
1 0.17346305112813082 0.7866043613707165 0.0413992962119644 0.040498442367601244
1 0.17211757400124197 0.7524922118380062 0.039950320844545646 0.04205607476635514
1 0.17077209687435313 0.7186915887850467 0.040157317325605464 0.040498442367601244
1 0.16932312150693438 0.6831775700934579 0.0413992962119644 0.041744548286604365
1 0.2090664458704202 0.6825545171339564 0.0376733595528876 0.03987538940809969
1 0.2091699441109501 0.7165109034267912 0.03705237010970813 0.041744548286604365
1 0.21061891947836886 0.7510903426791278 0.037880356033947425 0.041121495327102804
1 0.2117574001241979 0.7853582554517134 0.03725936659076796 0.03987538940809969
1 0.2506727385634444 0.7931464174454829 0.03932933140136618 0.02866043613707165
1 0.24974125439867523 0.7699376947040498 0.039536327882425996 0.029595015576323987
1 0.24922376319602565 0.746417445482866 0.040157317325605464 0.03115264797507788
1 0.24818878079072657 0.7224299065420561 0.04057131028772511 0.03177570093457944
1 0.2477747878286069 0.6979750778816199 0.040157317325605464 0.029595015576323987
1 0.247671289588077 0.6758566978193147 0.04036431380666529 0.025233644859813085
1 0.28648312978679363 0.6769470404984423 0.038915338439246536 0.026168224299065422
1 0.2873111157110329 0.6990654205607477 0.038501345477126886 0.029283489096573207
1 0.2881391016352722 0.723208722741433 0.038501345477126886 0.03208722741433022
1 0.28782860691368245 0.7470404984423676 0.037880356033947425 0.03115264797507788
1 0.2891740840405713 0.7705607476635514 0.03808735251500724 0.0308411214953271
1 0.2900020699648106 0.794392523364486 0.038915338439246536 0.03115264797507788
1 0.3247774787828607 0.7920560747663551 0.031049472158973298 0.0308411214953271
1 0.32436348582074104 0.766822429906542 0.03270544400745187 0.03333333333333333
1 0.3239494928586214 0.7423676012461059 0.03229145104533223 0.03426791277258567
1 0.32343200165597186 0.7152647975077882 0.032498447526392055 0.03177570093457944
1 0.3230180086938522 0.6867601246105919 0.032084454564272405 0.038317757009345796
1 0.35437797557441525 0.6870716510903426 0.031463465121092944 0.040809968847352024
1 0.35530945973918443 0.7161993769470405 0.0329124404885117 0.03302180685358255
1 0.35530945973918443 0.7409657320872274 0.032084454564272405 0.03271028037383177
1 0.3561374456634237 0.7657320872274144 0.032498447526392055 0.03177570093457944
1 0.3565514386255434 0.7906542056074767 0.032084454564272405 0.032398753894081
1 0.3916373421651832 0.790809968847352 0.03808735251500724 0.030218068535825544
1 0.39122334920306356 0.7677570093457944 0.03932933140136618 0.03146417445482866
1 0.39060235975988405 0.744392523364486 0.038501345477126886 0.0308411214953271
1 0.39049886151935415 0.7210280373831776 0.039122334920306354 0.0308411214953271
1 0.3902918650382943 0.6975077881619938 0.039122334920306354 0.029906542056074768
1 0.3899813703167046 0.6735202492211838 0.03932933140136618 0.029283489096573207
1 0.4283792175533016 0.6728971962616822 0.039122334920306354 0.029283489096573207
1 0.4294141999586007 0.696417445482866 0.039536327882425996 0.0308411214953271
1 0.4293107017180708 0.7202492211838006 0.03808735251500724 0.03115264797507788
1 0.4296211964396605 0.743613707165109 0.039536327882425996 0.03177570093457944
1 0.42982819292072033 0.7674454828660436 0.039536327882425996 0.03208722741433022
1 0.4303456841233699 0.7900311526479751 0.03932933140136618 0.03115264797507788
1 0.4687435313599669 0.6820872274143303 0.039950320844545646 0.045171339563862926
1 0.4687435313599669 0.7171339563862928 0.039536327882425996 0.044859813084112146
1 0.46864003311943697 0.75202492211838 0.038915338439246536 0.04299065420560748
1 0.4687435313599669 0.785202492211838 0.039122334920306354 0.04205607476635514
1 0.5077623680397433 0.6811526479750779 0.038915338439246536 0.0426791277258567
1 0.5082798592423928 0.7165109034267912 0.039536327882425996 0.04236760124610592
1 0.5073483750776236 0.7510903426791278 0.038915338439246536 0.04423676012461059
1 0.5077623680397433 0.7848909657320873 0.03974332436348582 0.0426791277258567
1 0.5467812047195197 0.7856697819314642 0.039122334920306354 0.04236760124610592
1 0.5470916994411095 0.7504672897196262 0.03932933140136618 0.04423676012461059
1 0.5469882012005796 0.7160436137071651 0.039950320844545646 0.04392523364485981
1 0.5471951976816394 0.6809968847352025 0.039536327882425996 0.041744548286604365
1 0.5868350238045953 0.6811526479750779 0.04057131028772511 0.04454828660436137
1 0.5861105361208859 0.7160436137071651 0.03870834195818671 0.0426791277258567
1 0.5858000413992962 0.7503115264797507 0.03932933140136618 0.0426791277258567
1 0.5850755537155868 0.7833333333333333 0.03870834195818671 0.041433021806853584
1 0.6276133305733802 0.7867601246105919 0.045539225833160835 0.03894080996884735
1 0.62792382529497 0.7587227414330218 0.0461602152763403 0.03956386292834891
1 0.6281308217760299 0.7303738317757009 0.04698820120057959 0.037694704049844235
1 0.629062305940799 0.7015576323987539 0.04636721175740013 0.037383177570093455
1 0.6292693024218589 0.6747663551401869 0.04636721175740013 0.03177570093457944
1 0.6760505071413786 0.6741433021806854 0.04678120471951977 0.03177570093457944
1 0.6754295176981991 0.700778816199377 0.04719519768163941 0.037694704049844235
1 0.67449803353343 0.729595015576324 0.046574208238459945 0.03925233644859813
1 0.6740840405713103 0.7580996884735203 0.0461602152763403 0.03956386292834891
1 0.6736700476091907 0.7864485981308411 0.04574622231422066 0.03894080996884735
1 0.7153798385427448 0.7794392523364486 0.03725936659076796 0.041744548286604365
1 0.7161043262264541 0.7457943925233644 0.037880356033947425 0.041744548286604365
1 0.7171393086317532 0.7118380062305296 0.03829434899606707 0.041744548286604365
1 0.717346305112813 0.6783489096573209 0.037880356033947425 0.037694704049844235
1 0.7612295590974953 0.6800623052959501 0.048644173049058166 0.04299065420560748
1 0.7606085696543159 0.7144859813084112 0.04823018008693852 0.04392523364485981
1 0.7597805837300766 0.7487538940809969 0.04823018008693852 0.045171339563862926
1 0.7589525978058373 0.7822429906542057 0.04823018008693852 0.04735202492211838
1 0.8057338025253571 0.782398753894081 0.046574208238459945 0.04330218068535826
1 0.8070792796522459 0.7490654205607477 0.04636721175740013 0.04205607476635514
1 0.8079072655764852 0.7140186915887851 0.047609190643759056 0.04423676012461059
1 0.8091492444628441 0.6794392523364486 0.04678120471951977 0.04361370716510903
1 0.8521010142827572 0.6752336448598131 0.04077830676878493 0.03582554517133956
1 0.8514800248395777 0.7068535825545171 0.04160629269302422 0.04361370716510903
1 0.8503415441937487 0.7433021806853582 0.04057131028772511 0.04361370716510903
1 0.8493065617884495 0.7799065420560748 0.04057131028772511 0.0470404984423676
1 0.8862554336576278 0.7749221183800623 0.03456841233699027 0.04454828660436137
1 0.8882219002276961 0.7395638629283489 0.03643138066652867 0.04361370716510903
1 0.8902918650382944 0.7035825545171339 0.03808735251500724 0.04454828660436137
1 0.891844338646243 0.6707165109034268 0.039122334920306354 0.0367601246105919
1 0.9224798178430966 0.7844236760124611 0.04202028565514386 0.03177570093457944
1 0.9241357896915753 0.764018691588785 0.04160629269302422 0.0308411214953271
1 0.9256882632995239 0.744392523364486 0.04057131028772511 0.030218068535825544
1 0.9272407369074726 0.723208722741433 0.04077830676878493 0.029595015576323987
1 0.9288967087559511 0.7029595015576324 0.04036431380666529 0.02897196261682243
1 0.9303456841233699 0.6825545171339564 0.04036431380666529 0.02866043613707165
1 0.9315876630097288 0.6643302180685359 0.039950320844545646 0.022118380062305296
1 0.969778513765266 0.664797507788162 0.0376733595528876 0.023052959501557634
1 0.9690540260815567 0.6834890965732088 0.03746636307182778 0.027414330218068536
1 0.9675015524736079 0.7038940809968848 0.03725936659076796 0.027102803738317756
1 0.9661560753467191 0.7242990654205608 0.03746636307182778 0.027414330218068536
1 0.9646036017387705 0.7445482866043613 0.036845373628648315 0.028037383177570093
1 0.9631546263713517 0.7644859813084112 0.03725936659076796 0.028037383177570093
1 0.9614986545228731 0.7848909657320873 0.03725936659076796 0.028348909657320873
1 0.9900641689091285 0.7845794392523364 0.01987166218174291 0.027102803738317756
1 0.9907886565928379 0.764018691588785 0.01800869385220451 0.027102803738317756
1 0.9915131442765474 0.7434579439252337 0.016559718484785758 0.0264797507788162
1 0.9924446284413165 0.7230529595015577 0.014696750155247362 0.026168224299065422
1 0.9928586214034362 0.7017133956386293 0.013868764231008072 0.024610591900311528
1 0.9935831090871455 0.6809968847352025 0.01241978886358932 0.02554517133956386
1 0.018940178016973713 0.8526479750778816 0.030842475677913476 0.038629283489096576
1 0.020492651624922375 0.8820872274143302 0.031463465121092944 0.03271028037383177
1 0.021631132270751398 0.9087227414330218 0.029600496791554545 0.032398753894081
1 0.022355619954460774 0.9342679127725857 0.030635479196853655 0.03302180685358255
1 0.023494100600289794 0.9596573208722742 0.03042848271579383 0.03395638629283489
1 0.024632581246118817 0.9841121495327103 0.031049472158973298 0.03115264797507788
1 0.05619954460774167 0.9834890965732087 0.0329124404885117 0.032398753894081
1 0.05495756572138274 0.9609034267912773 0.032498447526392055 0.03520249221183801
1 0.05319809563237425 0.9350467289719626 0.03270544400745187 0.03520249221183801
1 0.05226661146760505 0.9088785046728972 0.03167046160215276 0.03457943925233645
1 0.050817636100186296 0.8827102803738318 0.03167046160215276 0.03395638629283489
1 0.05185261850548541 0.8529595015576324 0.03539639826122956 0.03925233644859813
1 0.08859449389360381 0.8674454828660436 0.04388325398468226 0.048286604361370715
1 0.08735251500724488 0.8985981308411215 0.03932933140136618 0.03333333333333333
1 0.08890498861519354 0.9208722741433022 0.04036431380666529 0.03551401869158879
1 0.09014696750155247 0.9445482866043614 0.039536327882425996 0.03489096573208723
1 0.09149244462844132 0.9672897196261683 0.03932933140136618 0.03551401869158879
1 0.0932519147174498 0.9861370716510903 0.039122334920306354 0.027102803738317756
1 0.12719933761126062 0.8682242990654205 0.043262264541502796 0.05046728971962617
1 0.12844131649761953 0.8990654205607477 0.04284827157938315 0.03551401869158879
1 0.12947629890291865 0.9214953271028037 0.04202028565514386 0.03613707165109034
1 0.1309252742703374 0.944392523364486 0.041192299730904575 0.03582554517133956
1 0.13237424963775615 0.9669781931464174 0.04160629269302422 0.0367601246105919
1 0.1336162285241151 0.985202492211838 0.041192299730904575 0.02897196261682243
1 0.17470503001448975 0.9911214953271028 0.038501345477126886 0.017133956386292833
1 0.1724280687228317 0.9710280373831776 0.038915338439246536 0.04361370716510903
1 0.1711860898364728 0.9378504672897197 0.038915338439246536 0.04330218068535826
1 0.16942661974746429 0.9042056074766355 0.039122334920306354 0.04330218068535826
1 0.16880563030428483 0.8643302180685358 0.041192299730904575 0.05389408099688474
1 0.20865245290830056 0.8641744548286604 0.04264127509832333 0.05669781931464175
1 0.20823845994618093 0.9060747663551402 0.038501345477126886 0.04205607476635514
1 0.21010142827571932 0.9397196261682244 0.038915338439246536 0.04205607476635514
1 0.21165390188366798 0.9736760124610592 0.037880356033947425 0.0426791277258567
1 0.25160422272821364 0.9876947040498443 0.039122334920306354 0.023987538940809967
1 0.2504657420823846 0.9688473520249221 0.03974332436348582 0.03551401869158879
1 0.24912026495549575 0.9448598130841122 0.039122334920306354 0.03426791277258567
1 0.24829227903125647 0.9216510903426791 0.039536327882425996 0.03333333333333333
1 0.24736079486648727 0.890031152647975 0.0413992962119644 0.04984423676012461
1 0.29124404885116956 0.9878504672897196 0.038915338439246536 0.02367601246105919
1 0.2902090664458704 0.9704049844236761 0.03974332436348582 0.03426791277258567
1 0.28927758228110123 0.9465732087227414 0.039950320844545646 0.03520249221183801
1 0.2882425998758021 0.92398753894081 0.039950320844545646 0.03426791277258567
1 0.2874146139515628 0.8914330218068536 0.041192299730904575 0.0514018691588785
1 0.32726143655557854 0.9862928348909658 0.03187745808321259 0.02679127725856698
1 0.3265369488718692 0.9660436137071651 0.032498447526392055 0.03613707165109034
1 0.32601945766921964 0.9415887850467289 0.03229145104533223 0.03520249221183801
1 0.3249844752639205 0.915576323987539 0.03270544400745187 0.03613707165109034
1 0.32425998758021113 0.8912772585669781 0.0329124404885117 0.0367601246105919
1 0.32353549989650177 0.8601246105919003 0.03353342993169116 0.047975077881619935
1 0.35644794038501343 0.8585669781931464 0.03270544400745187 0.04548286604361371
1 0.35717242806872285 0.8894080996884736 0.03332643345063134 0.03489096573208723
1 0.3575864210308425 0.9154205607476635 0.032498447526392055 0.03333333333333333
1 0.35831090871455185 0.9395638629283489 0.03229145104533223 0.03613707165109034
1 0.3588283999172014 0.9646417445482866 0.03167046160215276 0.03644859813084112
1 0.3591388946387911 0.9853582554517134 0.03229145104533223 0.02866043613707165
1 0.39515628234320016 0.985981308411215 0.040157317325605464 0.027414330218068536
1 0.39515628234320016 0.9671339563862928 0.040157317325605464 0.037694704049844235
1 0.3943282964189609 0.9442367601246106 0.040157317325605464 0.0367601246105919
1 0.39381080521631134 0.9219626168224299 0.04036431380666529 0.03457943925233645
1 0.39329331401366174 0.8984423676012461 0.04057131028772511 0.03551401869158879
1 0.39339681225419165 0.8674454828660436 0.04077830676878493 0.0514018691588785
1 0.4338646243013869 0.8651090342679127 0.04098530324984475 0.049221183800623056
1 0.4339681225419168 0.8962616822429906 0.04077830676878493 0.03551401869158879
1 0.43448561374456635 0.9202492211838006 0.040157317325605464 0.03426791277258567
1 0.43469261022562616 0.9433021806853582 0.040157317325605464 0.03426791277258567
1 0.4352101014282757 0.9668224299065421 0.039122334920306354 0.03457943925233645
1 0.4352101014282757 0.985981308411215 0.039536327882425996 0.027414330218068536
1 0.47516042227282135 0.9730529595015577 0.039536327882425996 0.04641744548286604
1 0.4748499275512316 0.9400311526479751 0.040157317325605464 0.045171339563862926
1 0.4743324363485821 0.9063862928348909 0.039950320844545646 0.045171339563862926
1 0.47402194162699235 0.8661993769470405 0.04098530324984475 0.05700934579439252
1 0.5146967501552474 0.8641744548286604 0.04077830676878493 0.05669781931464175
1 0.5146967501552474 0.9043613707165109 0.039950320844545646 0.04548286604361371
1 0.5146967501552474 0.9397196261682244 0.04036431380666529 0.04454828660436137
1 0.515110743117367 0.9725856697819315 0.039950320844545646 0.04610591900311527
1 0.5550610639619127 0.8640186915887851 0.04077830676878493 0.056386292834890966
1 0.5549575657213828 0.902803738317757 0.04057131028772511 0.04610591900311527
1 0.5549575657213828 0.9370716510903426 0.03974332436348582 0.04610591900311527
1 0.5549575657213828 0.9697819314641745 0.03974332436348582 0.04672897196261682
1 0.5956323742496378 0.8953271028037383 0.04077830676878493 0.06105919003115265
1 0.595321879528048 0.9366043613707166 0.040157317325605464 0.04641744548286604
1 0.5951148830469882 0.9704049844236761 0.03974332436348582 0.04610591900311527
1 0.6351687021320638 0.9682242990654205 0.039536327882425996 0.04672897196261682
1 0.6354791968536535 0.9348909657320872 0.04057131028772511 0.04672897196261682
1 0.6356861933347133 0.8996884735202493 0.04057131028772511 0.047975077881619935
1 0.6356861933347133 0.8621495327102804 0.0413992962119644 0.05451713395638629
1 0.6765679983440281 0.8610591900311526 0.041192299730904575 0.0529595015576324
1 0.6762575036224384 0.8995327102803738 0.040157317325605464 0.04579439252336449
1 0.6754295176981991 0.9330218068535826 0.04057131028772511 0.04610591900311527
1 0.6752225212171393 0.9660436137071651 0.04057131028772511 0.04735202492211838
1 0.6748085282550197 0.9872274143302181 0.03974332436348582 0.024922118380062305
1 0.7172428068722831 0.8609034267912773 0.04181328917408404 0.055763239875389406
1 0.7170358103912233 0.8998442367601246 0.04098530324984475 0.0470404984423676
1 0.7164148209480439 0.934423676012461 0.040157317325605464 0.04641744548286604
1 0.7161043262264541 0.9674454828660436 0.04036431380666529 0.04766355140186916
1 0.7149658455806251 0.9886292834890966 0.04057131028772511 0.022118380062305296
1 0.7583316083626578 0.9875389408099688 0.0461602152763403 0.024299065420560748
1 0.7587456013247775 0.9655763239875389 0.0461602152763403 0.0470404984423676
1 0.7594700890084869 0.9317757009345794 0.04595321879528048 0.04610591900311527
1 0.7602980749327262 0.8976635514018692 0.04636721175740013 0.04579439252336449
1 0.7590560960463673 0.8588785046728972 0.05009314841647692 0.0529595015576324
1 0.8037673359552887 0.985981308411215 0.045539225833160835 0.027414330218068536
1 0.8044918236389982 0.9618380062305296 0.0461602152763403 0.04641744548286604
1 0.8052163113227075 0.9278816199376947 0.04678120471951977 0.04641744548286604
1 0.8060442972469468 0.893613707165109 0.04636721175740013 0.04641744548286604
1 0.8060442972469468 0.8566978193146417 0.049265162492237634 0.04984423676012461
1 0.8538604843717656 0.8546728971962617 0.05009314841647692 0.05077881619937695
1 0.8499275512316291 0.9847352024922118 0.04636721175740013 0.029906542056074768
1 0.8508590353963983 0.9587227414330218 0.04698820120057959 0.04766355140186916
1 0.8519975160422273 0.9253894080996885 0.047609190643759056 0.0470404984423676
1 0.8530324984475264 0.890809968847352 0.04719519768163941 0.04766355140186916
1 0.8950527841026703 0.9799065420560747 0.04264127509832333 0.03956386292834891
1 0.8967087559511489 0.9512461059190032 0.04305526806044297 0.05451713395638629
1 0.8992962119643966 0.9149532710280374 0.04491823638998137 0.05545171339563863
1 0.9021941626992341 0.875233644859813 0.0461602152763403 0.06074766355140187
1 0.9321051542123784 0.9817757009345794 0.03601738770440902 0.03582554517133956
1 0.9352101014282758 0.9506230529595016 0.03601738770440902 0.04579439252336449
1 0.9377975574415235 0.9144859813084112 0.035810391223349204 0.04454828660436137
1 0.937176567998344 0.8707165109034268 0.04409025046574208 0.06105919003115265
1 0.9773338853239495 0.8735202492211838 0.04491823638998137 0.0616822429906542
1 0.975574415234941 0.915576323987539 0.04305526806044297 0.04984423676012461
1 0.9725729662595736 0.9509345794392523 0.0424342786172635 0.04953271028037383
1 0.9695715172842062 0.9806853582554517 0.042227282136203685 0.038006230529595016
1 0.16880563030428483 0.8651090342679127 0.041192299730904575 0.05545171339563863
0 0.17377354584972055 0.7686915887850467 0.02297660939764024 0.010903426791277258
