0 0.16172615446662633 0.05298913043478261 0.041540633192175845 0.05464975845410628
0 0.21385359951603145 0.051781400966183576 0.05303488606573906 0.057065217391304345
0 0.294010889292196 0.04921497584541063 0.028231498285944748 0.05676328502415459
0 0.3660012099213551 0.04664855072463768 0.029844726759427304 0.057065217391304345
0 0.46360153256704983 0.04785628019323671 0.029844726759427304 0.059480676328502416
0 0.5620084694494858 0.04664855072463768 0.028231498285944748 0.057065217391304345
0 0.6546682798951402 0.04664855072463768 0.02802984472675943 0.06189613526570048
0 0.7456140350877193 0.050573671497584544 0.03125630167372454 0.059480676328502416
0 0.8208308126638435 0.050573671497584544 0.029643073200241985 0.06431159420289854
0 0.8746723129663239 0.05540458937198068 0.03165960879209518 0.06431159420289854
0 0.9302278685218794 0.05419685990338164 0.03307118370639242 0.06189613526570048
0 0.9880016132284735 0.06038647342995169 0.023190159306311756 0.059178743961352656
0 0.2071990320629159 0.45304951690821255 0.056261343012704176 0.06189613526570048
0 0.3560193587416818 0.4504830917874396 0.05948779995966929 0.06702898550724638
0 0.4520064529138939 0.45169082125603865 0.05303488606573906 0.0646135265700483
0 0.5008066142367413 0.45169082125603865 0.04456543657995564 0.059178743961352656
0 0.5885259124823553 0.45169082125603865 0.06110102843315184 0.0646135265700483
0 0.7092155676547691 0.4528985507246377 0.05807622504537205 0.06702898550724638
0 0.7821133293002621 0.45304951690821255 0.05787457148618673 0.06189613526570048
0 0.9201451905626135 0.4554649758454106 0.029844726759427304 0.06189613526570048
0 0.18894938495664448 0.23867753623188406 0.03307118370639242 0.06914251207729469
0 0.2817100221818915 0.23867753623188406 0.029844726759427304 0.059480676328502416
0 0.37840290381125224 0.23626207729468598 0.03165960879209518 0.06431159420289854
0 0.45856019358741684 0.23505434782608695 0.03307118370639242 0.06189613526570048
0 0.5257108287961283 0.23626207729468598 0.03145795523290986 0.06431159420289854
0 0.5910465819721719 0.23746980676328502 0.029844726759427304 0.06189613526570048
0 0.6521476104053237 0.23626207729468598 0.03307118370639242 0.059480676328502416
0 0.7225247025610002 0.23746980676328502 0.028231498285944748 0.057065217391304345
0 0.7820125025206695 0.23746980676328502 0.03145795523290986 0.06672705314009662
0 0.8433151845130067 0.23746980676328502 0.034684412179874974 0.06189613526570048
0 0.9490824763057067 0.2410929951690821 0.06110102843315184 0.059480676328502416
0 0.11947973381730187 0.7477355072463768 0.056261343012704176 0.06189613526570048
0 0.17826174631982256 0.7489432367149759 0.051220004033071184 0.06431159420289854
0 0.23038919136922767 0.7501509661835749 0.02641661625327687 0.06189613526570048
0 0.27001411574914297 0.751358695652174 0.029844726759427304 0.06431159420289854
0 0.3271828997781811 0.7539251207729468 0.06110102843315184 0.06944444444444445
0 0.3866706997378504 0.7563405797101449 0.054648114539221616 0.0646135265700483
0 0.4273038919136923 0.7576992753623188 0.029844726759427304 0.06189613526570048
0 0.4644081468037911 0.7575483091787439 0.04476709013914096 0.06159420289855073
0 0.5231901593063117 0.7551328502415459 0.05948779995966929 0.06702898550724638
0 0.6174631982254487 0.752566425120773 0.06291591046581972 0.06672705314009662
0 0.6786650534381932 0.753774154589372 0.056261343012704176 0.06431159420289854
0 0.7630570679572495 0.7549818840579711 0.036297640653357534 0.06189613526570048
0 0.8481548699334543 0.7489432367149759 0.03145795523290986 0.059480676328502416
0 0.8854607783827384 0.7501509661835749 0.029844726759427304 0.06189613526570048
0 0.9813470457753579 0.7501509661835749 0.03327283726557774 0.06189613526570048
0 0.9358741681790683 0.7489432367149759 0.051220004033071184 0.059480676328502416
0 0.02601330913490623 0.12228260869565218 0.04799354708610607 0.059178743961352656
0 0.029340592861464006 0.3947765700483092 0.02802984472675943 0.06431159420289854
0 0.04426295624117765 0.6758756038647343 0.05787457148618673 0.06672705314009662
1 0.030953821334946563 0.050422705314009664 0.04133897963299052 0.0893719806763285
1 0.06493244605767291 0.04921497584541063 0.02661826981246219 0.08695652173913043
1 0.14277071990320628 0.19776570048309178 0.049606775559588624 0.14130434782608695
1 0.1856221012300867 0.16681763285024154 0.04295220810647308 0.08423913043478261
1 0.2328090340794515 0.1941425120772947 0.04779189352692075 0.14371980676328502
1 0.28009679370840895 0.16319444444444445 0.049606775559588624 0.08182367149758454
1 0.3263762855414398 0.17678140096618358 0.04295220810647308 0.11382850241545894
1 0.35359951603145795 0.17919685990338163 0.008267795926598105 0.1089975845410628
1 0.37840290381125224 0.16560990338164253 0.038112522686025406 0.0769927536231884
1 0.41560798548094374 0.17798913043478262 0.03307118370639242 0.11624396135265701
1 0.44787255495059486 0.17678140096618358 0.03145795523290986 0.1089975845410628
1 0.48255696713046986 0.17678140096618358 0.03145795523290986 0.1089975845410628
1 0.5173422060899375 0.18040458937198067 0.03488606573906029 0.11141304347826086
1 0.5513208308126638 0.17919685990338163 0.029844726759427304 0.11382850241545894
1 0.5819721718088324 0.17814009661835747 0.03145795523290986 0.11171497584541062
1 0.6174631982254487 0.16681763285024154 0.029844726759427304 0.08423913043478261
1 0.6497277676950998 0.16319444444444445 0.03145795523290986 0.0769927536231884
1 0.6844121798749748 0.16560990338164253 0.03145795523290986 0.08182367149758454
1 0.7158701351078847 0.16817632850241546 0.028231498285944748 0.07669082125603864
1 0.7481347045775358 0.16681763285024154 0.029844726759427304 0.07940821256038648
1 0.7778786045573705 0.16817632850241546 0.029643073200241985 0.07669082125603864
1 0.8969550312563017 0.18659420289855072 0.03952409760032265 0.09903381642512077
1 0.8665053438193184 0.18553743961352656 0.014922363379713652 0.09148550724637682
1 0.8266787658802178 0.17557367149758454 0.05787457148618673 0.06672705314009662
1 0.9334543254688445 0.17179951690821257 0.029844726759427304 0.08393719806763285
1 0.9665255091752369 0.17300724637681159 0.02661826981246219 0.09178743961352658
1 0.9888082274652148 0.17179951690821257 0.018350473885864086 0.07910628019323672
1 0.12038717483363581 0.3961352657004831 0.028231498285944748 0.1708937198067633
1 0.14932446057672918 0.3947765700483092 0.029643073200241985 0.16334541062801933
1 0.17826174631982256 0.36246980676328505 0.028231498285944748 0.1089975845410628
1 0.20810647307924984 0.3611111111111111 0.025005041338979635 0.10628019323671498
1 0.2378503730590845 0.36367753623188404 0.02802984472675943 0.11141304347826086
1 0.2684008872756604 0.36246980676328505 0.029844726759427304 0.11382850241545894
1 0.299052228271829 0.36246980676328505 0.034684412179874974 0.11382850241545894
1 0.3361564831619278 0.379981884057971 0.03307118370639242 0.08423913043478261
1 0.36932849364791287 0.3786231884057971 0.03327283726557774 0.08695652173913043
1 0.4049203468441218 0.39855072463768115 0.034684412179874974 0.12620772946859904
1 0.441318814277072 0.35884661835748793 0.04133897963299052 0.11141304347826086
1 0.4834644081468038 0.3576388888888889 0.04295220810647308 0.11382850241545894
1 0.5231901593063117 0.3774154589371981 0.03649929421254285 0.07427536231884058
1 0.5587820125025207 0.3810386473429952 0.034684412179874974 0.08152173913043478
1 0.5934664246823956 0.3822463768115942 0.034684412179874974 0.07427536231884058
1 0.6257309941520468 0.4033816425120773 0.03307118370639242 0.09178743961352658
1 0.6546682798951402 0.40458937198067635 0.03125630167372454 0.09903381642512077
1 0.6844121798749748 0.40458937198067635 0.03145795523290986 0.09420289855072464
1 0.7158701351078847 0.38722826086956524 0.03791086912684009 0.059480676328502416
1 0.7514619883040936 0.37620772946859904 0.039725751159507966 0.09178743961352658
1 0.8416011292599315 0.39719202898550726 0.04133897963299052 0.11382850241545894
1 0.8796128251663642 0.3947765700483092 0.03145795523290986 0.11382850241545894
1 0.9094575519257915 0.39719202898550726 0.028231498285944748 0.11382850241545894
1 0.94162129461585 0.3910024154589372 0.03649929421254285 0.1213768115942029
1 0.9714660213752773 0.3932669082125604 0.029643073200241985 0.11624396135265701
1 0.9938495664448478 0.39205917874396135 0.011897559991933858 0.11382850241545894
1 0.8068158903004639 0.3860205314009662 0.11090945755192579 0.13134057971014493
1 0.12119378907037709 0.6151871980676329 0.049606775559588624 0.20320048309178743
1 0.1682798951401492 0.6151871980676329 0.054648114539221616 0.20320048309178743
1 0.21385359951603145 0.625 0.056261343012704176 0.18357487922705315
1 0.2634603750756201 0.626358695652174 0.04980842911877394 0.1905193236714976
1 0.31054648114539224 0.626358695652174 0.051220004033071184 0.18568840579710144
1 0.32627545876184716 0.5161533816425121 0.036297640653357534 0.03955314009661836
1 0.28412986489211534 0.5149456521739131 0.041540633192175845 0.03713768115942029
1 0.23694293204275055 0.5135869565217391 0.04638031861262351 0.03985507246376811
1 0.3585400282314983 0.6411533816425121 0.04799354708610607 0.15609903381642512
1 0.4049203468441218 0.6435688405797102 0.04799354708610607 0.16092995169082125
1 0.4545271224037104 0.6411533816425121 0.051220004033071184 0.15609903381642512
1 0.5016132284734826 0.6151871980676329 0.04980842911877394 0.2128623188405797
1 0.5478927203065134 0.6151871980676329 0.049606775559588624 0.21769323671497584
1 0.5950796531558782 0.6189613526570048 0.051220004033071184 0.21557971014492755
1 0.6356120185521275 0.6165458937198067 0.036297640653357534 0.1956521739130435
1 0.6934865900383141 0.6299818840579711 0.06614236741278484 0.22795893719806765
1 0.36761443839483765 0.5261171497584541 0.03952409760032265 0.059480676328502416
1 0.4057269610808631 0.5285326086956522 0.0431538616656584 0.06431159420289854
1 0.4502923976608187 0.5246074879227053 0.049606775559588624 0.06189613526570048
1 0.808529945553539 0.6177536231884058 0.06110102843315184 0.22282608695652173
1 0.7456140350877193 0.6733091787439613 0.04456543657995564 0.1461352657004831
1 0.8846541641459972 0.6139794685990339 0.10082677959265982 0.2056159420289855
1 0.9606775559588627 0.623792270531401 0.06130268199233716 0.19082125603864733
1 0.9931437789876991 0.628774154589372 0.013309134906231096 0.1808574879227053
1 0.7522686025408348 0.5531400966183575 0.04456543657995564 0.11896135265700483
1 0.019459568461383345 0.29091183574879226 0.03488606573906029 0.20320048309178743
1 0.038515829804396044 0.2115036231884058 0.019762048800161323 0.044384057971014496
1 0.05333736640451704 0.28940217391304346 0.029643073200241985 0.2056159420289855
1 0.40401290582778787 0.8965881642512077 0.05948779995966929 0.20621980676328502
1 0.3445251058681186 0.8950785024154589 0.07602339181286549 0.20320048309178743
1 0.4570477918935269 0.8603562801932367 0.05948779995966929 0.13858695652173914
1 0.5089735833837468 0.8644323671497585 0.0677555958862674 0.14673913043478262
1 0.5801572897761645 0.9359903381642513 0.08106473079249849 0.12620772946859904
1 0.6869328493647913 0.8431461352657005 0.04980842911877394 0.1089975845410628
1 0.7977414801371244 0.8665458937198067 0.17543859649122806 0.15579710144927536
1 0.008671103044968743 0.5754830917874396 0.01653559185319621 0.19806763285024154
1 0.030248033877797943 0.5717089371980676 0.03307118370639242 0.16092995169082125
1 0.07067957249445453 0.5892210144927537 0.04133897963299052 0.17602657004830918
1 0.027727364387981446 0.4615036231884058 0.054648114539221616 0.059480676328502416
1 0.2213147812058883 0.8442028985507246 0.04456543657995564 0.1213768115942029
1 0.20387174833635813 0.8950785024154589 0.04638031861262351 0.14341787439613526
1 0.1013309134906231 0.8913043478260869 0.20185521274450494 0.2107487922705314
1 0.040129058277878604 0.8555253623188406 0.07622504537205081 0.28230676328502413
1 0.2519661222020569 0.9560688405797102 0.10586811857229281 0.08725845410628019
1 0.2749546279491833 0.8429951690821256 0.056261343012704176 0.07427536231884058
1 0.8530953821334947 0.8244263285024155 0.05787457148618673 0.08182367149758454
1 0.9178261746319822 0.8442028985507246 0.07441016333938294 0.11654589371980677
1 0.12371445856019359 0.014492753623188406 0.04133897963299052 0.02717391304347826
1 0.1650534381931841 0.013285024154589372 0.04133897963299052 0.024758454106280192
1 0.21385359951603145 0.0116243961352657 0.05303488606573906 0.0232487922705314
1 0.2592256503327284 0.0116243961352657 0.04133897963299052 0.0232487922705314
1 0.29733817301875376 0.013285024154589372 0.03488606573906029 0.024758454106280192
1 0.33787053841500303 0.025664251207729468 0.029643073200241985 0.049516908212560384
1 0.3684210526315789 0.009057971014492754 0.034684412179874974 0.018115942028985508
1 0.8754789272030651 0.030193236714975844 0.029643073200241985 0.06038647342995169
1 0.8416011292599315 0.029438405797101448 0.02802984472675943 0.057065217391304345
1 0.9052228271828998 0.030646135265700484 0.029844726759427304 0.059480676328502416
1 0.9358741681790683 0.033967391304347824 0.03145795523290986 0.06793478260869565
1 0.961484170195604 0.034269323671497584 0.019762048800161323 0.06189613526570048
1 0.9855817705182497 0.014492753623188406 0.024803387779794312 0.02717391304347826
1 0.808529945553539 0.029438405797101448 0.02802984472675943 0.057065217391304345
1 0.7770719903206291 0.030646135265700484 0.03125630167372454 0.05464975845410628
1 0.7440008066142367 0.012077294685990338 0.03125630167372454 0.017512077294685992
1 0.7117362371445856 0.026871980676328504 0.03649929421254285 0.051932367149758456
1 0.6802782819116757 0.028079710144927536 0.02641661625327687 0.049516908212560384
1 0.6480137124420245 0.008303140096618358 0.038112522686025406 0.014794685990338164
1 0.6109094575519258 0.009510869565217392 0.039725751159507966 0.017210144927536232
1 0.5710828796128251 0.008303140096618358 0.036297640653357534 0.014794685990338164
1 0.5372050816696915 0.009510869565217392 0.03145795523290986 0.017210144927536232
1 0.4114740875176447 0.009510869565217392 0.0514216575922565 0.017210144927536232
0 0.28160919540229884 0.23550724637681159 0.028433151845130067 0.059782608695652176
1 0.4619883040935672 0.009510869565217392 0.04638031861262351 0.017210144927536232
0 0.37799959669288163 0.23445048309178743 0.028836458963500705 0.06189613526570048
1 0.5 0.008303140096618358 0.03649929421254285 0.014794685990338164
0 0.18703367614438396 0.23716787439613526 0.027626537608388787 0.057065217391304345
1 0.46108086307723334 0.9643719806763285 0.06110102843315184 0.0646135265700483
0 0.45866102036700945 0.23429951690821257 0.028433151845130067 0.059782608695652176
1 0.5230893325267191 0.9693538647342995 0.06614236741278484 0.059480676328502416
0 0.5248033877797943 0.2341485507246377 0.030852994555353903 0.0625
1 0.6489211534583585 0.9643719806763285 0.06614236741278484 0.06944444444444445
0 0.5907441016333939 0.2353562801932367 0.029643073200241985 0.060084541062801936
1 0.7133494656180681 0.9731280193236715 0.05948779995966929 0.04710144927536232
0 0.6515426497277677 0.23505434782608695 0.03145795523290986 0.06129227053140097
1 0.773845533373664 0.9734299516908212 0.05787457148618673 0.05253623188405797
1 0.13984674329501914 0.16847826086956522 0.043758822343214356 0.0821256038647343
1 0.8300060496067756 0.9696557971014492 0.0677555958862674 0.060084541062801936
1 0.18410969953619682 0.16651570048309178 0.04275055454728776 0.07820048309178744
1 0.8912079048195201 0.9717693236714976 0.06432748538011696 0.05464975845410628
1 0.22847348255696712 0.165006038647343 0.04275055454728776 0.08363526570048309
1 0.9449485783424078 0.9705615942028986 0.06936882435974995 0.057065217391304345
1 0.27908852591248234 0.16545893719806765 0.043557168784029036 0.08816425120772947
1 0.9838677152651745 0.9705615942028986 0.03145795523290986 0.057065217391304345
1 0.3243597499495866 0.1693840579710145 0.043758822343214356 0.09601449275362318
1 0.9342609397055858 0.9124396135265701 0.11090945755192579 0.049516908212560384
1 0.3745714861867312 0.16772342995169082 0.03891913692276669 0.1126207729468599
1 0.08802177858439202 0.9767512077294686 0.056261343012704176 0.04468599033816425
1 0.416717080056463 0.17723429951690822 0.03206291591046582 0.11231884057971014
1 0.11373260738052027 0.9461050724637681 0.0544464609800363 0.10718599033816426
1 0.44918330308529947 0.17723429951690822 0.03327283726557774 0.1105072463768116
1 0.13440209719701554 0.9210446859903382 0.05303488606573906 0.151268115942029
1 0.48225448679169186 0.1758756038647343 0.034079451502319016 0.10718599033816426
1 0.1550715870135108 0.897493961352657 0.04476709013914096 0.1736111111111111
1 0.5156281508368623 0.1793478260869565 0.03549102641661625 0.10809178743961352
