1 0.7045547385620915 0.45353894820086993 0.03370098039215686 0.14630288651640966
1 0.670547385620915 0.45334124159746936 0.03308823529411765 0.14748912613681298
1 0.6371527777777778 0.4531435349940688 0.03329248366013072 0.14709371293001186
1 0.6031454248366013 0.4523527085804666 0.03308823529411765 0.1486753657572163
1 0.8074959150326797 0.6166468960063266 0.028799019607843136 0.13562672993277974
1 0.7776756535947712 0.6174377224199288 0.02798202614379085 0.13562672993277974
1 0.7485702614379085 0.619612495057335 0.0298202614379085 0.132858837485172
1 0.481515522875817 0.619612495057335 0.023080065359477125 0.13364966389877422
1 0.45751633986928103 0.6223803875049426 0.024918300653594773 0.1368129695531831
1 0.4334150326797386 0.6219849742981416 0.023284313725490197 0.13602214313958086
1 0.8105596405228758 0.7754052985369712 0.03002450980392157 0.1368129695531831
1 0.7802287581699346 0.7759984183471728 0.028594771241830064 0.13641755634638197
1 0.6588031045751634 0.7793594306049823 0.028390522875816993 0.13602214313958086
1 0.6294934640522876 0.7799525504151839 0.02900326797385621 0.13562672993277974
1 0.5991625816993464 0.7799525504151839 0.02920751633986928 0.13483590351917754
1 0.5691380718954249 0.7801502570185844 0.030433006535947712 0.13602214313958086
1 0.4348447712418301 0.7813364966389877 0.024101307189542485 0.1383946223803875
1 0.4096200980392157 0.7815342032423883 0.02389705882352941 0.13720838275998418
1 0.1772875816993464 0.7843020956899961 0.023284313725490197 0.12455516014234876
1 0.9678308823529411 0.9507710557532622 0.032883986928104576 0.09608540925266904
1 0.9327001633986928 0.9509687623566627 0.032066993464052285 0.09568999604586793
1 0.8984885620915033 0.9533412415974694 0.03104575163398693 0.09094503756425465
1 0.8662173202614379 0.9531435349940688 0.03104575163398693 0.09054962435745353
1 0.8341503267973857 0.9533412415974694 0.03227124183006536 0.09015421115065243
1 0.7996323529411765 0.9541320680110715 0.03022875816993464 0.088572558323448
1 0.7666462418300654 0.9549228944246738 0.03165849673202614 0.08699090549624358
1 0.733251633986928 0.9561091340450771 0.031862745098039214 0.08540925266903915
1 0.6927083333333334 0.9545274812178727 0.04881535947712418 0.08620007908264136
1 0.6437908496732027 0.9559114274416766 0.04820261437908497 0.08501383946223803
1 0.5955882352941176 0.9501779359430605 0.0457516339869281 0.09648082245947015
1 0.5484068627450981 0.9505733491498616 0.04820261437908497 0.09648082245947015
1 0.5121527777777778 0.9568999604586793 0.02389705882352941 0.08540925266903915
1 0.48682598039215685 0.9565045472518782 0.025122549019607844 0.08461842625543693
1 0.4609885620915033 0.9563068406484777 0.025735294117647058 0.08580466587584025
1 0.4349468954248366 0.9561091340450771 0.026348039215686275 0.08540925266903915
1 0.4081903594771242 0.9568999604586793 0.025939542483660132 0.08382759984183472
1 0.38439542483660133 0.9537366548042705 0.02369281045751634 0.09094503756425465
1 0.3601919934640523 0.9582839066824832 0.02389705882352941 0.08105970739422697
1 0.33425245098039214 0.9513641755634639 0.025939542483660132 0.09568999604586793
1 0.3070874183006536 0.9576907868722815 0.026348039215686275 0.08224594701463028
1 0.27879901960784315 0.9590747330960854 0.028186274509803922 0.07868722815342033
1 0.2565359477124183 0.9549228944246738 0.024918300653594773 0.08620007908264136
1 0.23202614379084968 0.9551206010280744 0.024101307189542485 0.08580466587584025
1 0.20720996732026145 0.9547251878212732 0.0247140522875817 0.08738631870304468
1 0.1830065359477124 0.9545274812178727 0.02287581699346405 0.08699090549624358
1 0.15267565359477125 0.9580862000790826 0.028799019607843136 0.08382759984183472
1 0.1256127450980392 0.9580862000790826 0.024509803921568627 0.0830367734282325
1 0.09446486928104575 0.9491894029260577 0.034926470588235295 0.09450375642546462
1 0.057495915032679736 0.9489916963226572 0.03615196078431373 0.09648082245947015
1 0.02144607843137255 0.9491894029260577 0.03553921568627451 0.09845788849347568
1 0.07465277777777778 0.8420324238829577 0.03615196078431373 0.09529458283906682
1 0.14899918300653595 0.8026888098062476 0.03002450980392157 0.05852115460656386
1 0.1497140522875817 0.734282325029656 0.028186274509803922 0.06801107156979043
1 0.11672794117647059 0.734282325029656 0.034109477124183 0.0711743772241993
1 0.11601307189542484 0.802491103202847 0.03308823529411765 0.06524317912218268
1 0.08404820261437909 0.7953736654804271 0.03370098039215686 0.0771055753262159
1 0.049223856209150325 0.797153024911032 0.03308823529411765 0.07354685646500593
1 0.0494281045751634 0.7208382759984183 0.03349673202614379 0.07671016211941478
1 0.01582924836601307 0.72143139580862 0.03125 0.08185053380782918
1 0.015931372549019607 0.797153024911032 0.031862745098039214 0.07275603005140371
1 0.3562091503267974 0.5877817319098458 0.029411764705882353 0.02965599051008304
1 0.356515522875817 0.6186239620403321 0.03002450980392157 0.03202846975088968
1 0.3556985294117647 0.6510478449980229 0.029616013071895424 0.02649268485567418
1 0.35661764705882354 0.6787267694741005 0.028594771241830064 0.024120205614867538
1 0.3233251633986928 0.5913404507710558 0.03022875816993464 0.031237643337287464
1 0.32598039215686275 0.620007908264136 0.02900326797385621 0.03084223013048636
1 0.32567401960784315 0.6500593119810202 0.028390522875816993 0.028469750889679714
1 0.32649101307189543 0.6781336496638988 0.028799019607843136 0.022933965994464216
1 0.2922794117647059 0.56425464610518 0.027777777777777776 0.02609727164887307
1 0.2925857843137255 0.5927243969948597 0.028799019607843136 0.02926057730328193
1 0.5007148692810458 0.5116646896006327 0.032883986928104576 0.03479636219849743
1 0.4664011437908497 0.47153024911032027 0.032883986928104576 0.04310003954132068
1 0.4667075163398693 0.5118623962040332 0.03349673202614379 0.03440094899169632
1 0.43453839869281047 0.47153024911032027 0.03002450980392157 0.04151838671411625
1 0.43423202614379086 0.5112692763938316 0.030637254901960783 0.03637801502570186
1 0.4025735294117647 0.47291419533412415 0.03227124183006536 0.04112297350731514
1 0.4019607843137255 0.5114669829972321 0.032679738562091505 0.03519177540529854
1 0.37806372549019607 0.44068801897983395 0.015522875816993464 0.03440094899169632
1 0.377859477124183 0.4790431000395413 0.014297385620915032 0.03440094899169632
1 0.37745098039215685 0.5142348754448398 0.013480392156862746 0.031237643337287464
1 0.3584558823529412 0.4416765519968367 0.015522875816993464 0.03479636219849743
1 0.3587622549019608 0.4790431000395413 0.013276143790849673 0.0328192961644919
1 0.35957924836601307 0.5150257018584421 0.015318627450980392 0.02965599051008304
1 0.3389501633986928 0.4414788453934361 0.014501633986928105 0.03519177540529854
1 0.34099264705882354 0.47884539343614074 0.01491013071895425 0.03479636219849743
1 0.3420138888888889 0.5144325820482404 0.015318627450980392 0.02926057730328193
1 0.3240400326797386 0.5140371688414394 0.015318627450980392 0.02926057730328193
1 0.3233251633986928 0.4794385132463424 0.015522875816993464 0.0328192961644919
1 0.3212826797385621 0.44108343218663504 0.014297385620915032 0.03440094899169632
1 0.3040236928104575 0.44187425860023727 0.014501633986928105 0.0328192961644919
1 0.3059640522875817 0.479636219849743 0.014705882352941176 0.03242388295769079
1 0.30688316993464054 0.5142348754448398 0.014501633986928105 0.028865164096480822
1 0.28656045751633985 0.4412811387900356 0.014297385620915032 0.03558718861209965
1 0.2872753267973856 0.47884539343614074 0.013684640522875817 0.034005535784895215
1 0.2880923202614379 0.5150257018584421 0.014093137254901961 0.028865164096480822
1 0.2710375816993464 0.5144325820482404 0.014297385620915032 0.028469750889679714
1 0.2522467320261438 0.5140371688414394 0.014297385620915032 0.028469750889679714
1 0.22824754901960784 0.4555160142348754 0.04105392156862745 0.030051403716884143
1 0.2207924836601307 0.4875444839857651 0.0392156862745098 0.0276789244760775
1 0.2232434640522876 0.5162119414788454 0.03880718954248366 0.024120205614867538
1 0.1815767973856209 0.48813760379596677 0.04003267973856209 0.027283511269276393
1 0.18249591503267973 0.5160142348754448 0.039419934640522875 0.02372479240806643
1 0.13337418300653595 0.5179913009094503 0.03390522875816993 0.019770660340055358
1 0.1337826797385621 0.49545274812178725 0.032679738562091505 0.021352313167259787
1 0.13357843137254902 0.4727164887307236 0.03349673202614379 0.020166073546856466
1 0.0991625816993464 0.4962435745353895 0.03002450980392157 0.022143139580862
1 0.09957107843137254 0.518584420719652 0.029616013071895424 0.018584420719652037
1 0.06587009803921569 0.47251878212732307 0.03165849673202614 0.022143139580862
1 0.06597222222222222 0.4962435745353895 0.031862745098039214 0.02372479240806643
1 0.40267565359477125 0.34480031633056546 0.013276143790849673 0.08066429418742586
1 0.42024101307189543 0.35784895215500195 0.0377859477124183 0.05614867536575722
1 0.3525326797385621 0.34816132858837484 0.024101307189542485 0.08659549228944247
1 0.32598039215686275 0.34776591538157375 0.027369281045751634 0.08738631870304468
1 0.2991217320261438 0.3446026097271649 0.02185457516339869 0.0826413602214314
1 0.2727736928104575 0.34934756820877816 0.023488562091503268 0.09054962435745353
1 0.2482638888888889 0.34262554369315934 0.016952614379084966 0.10636615262949782
1 0.1983251633986928 0.34262554369315934 0.020833333333333332 0.10241202056148675
1 0.14307598039215685 0.4070778964017398 0.02144607843137255 0.03440094899169632
1 0.14297385620915032 0.3691182285488335 0.02165032679738562 0.03598260181890075
1 0.12040441176470588 0.3705021747726374 0.01940359477124183 0.03716884143930407
1 0.11999591503267974 0.4082641360221431 0.02022058823529412 0.031237643337287464
1 0.0951797385620915 0.37030446816923684 0.02042483660130719 0.036773428232502965
1 0.09691584967320262 0.40747330960854095 0.02185457516339869 0.0328192961644919
1 0.07424428104575163 0.36892052194543296 0.02022058823529412 0.03716884143930407
1 0.0744485294117647 0.4070778964017398 0.02062908496732026 0.03440094899169632
1 0.05116421568627451 0.4080664294187426 0.022263071895424837 0.03479636219849743
1 0.05116421568627451 0.3691182285488335 0.02267156862745098 0.03914590747330961
1 0.028390522875816993 0.36990905496243576 0.0196078431372549 0.04072756030051404
1 0.028084150326797386 0.4082641360221431 0.021037581699346407 0.0328192961644919
1 0.007761437908496732 0.36990905496243576 0.015522875816993464 0.04072756030051404
1 0.007965686274509803 0.40865954922894426 0.015931372549019607 0.03440094899169632
1 0.14920343137254902 0.31178331356267297 0.025531045751633986 0.022538552787663108
1 0.14532271241830066 0.2858837485172005 0.027573529411764705 0.02609727164887307
1 0.1156045751633987 0.28726769474100433 0.027369281045751634 0.025701858442071967
1 0.11570669934640523 0.3129695531830763 0.026348039215686275 0.020166073546856466
1 0.08231209150326797 0.2586002372479241 0.032679738562091505 0.0276789244760775
1 0.08517156862745098 0.2876631079478055 0.027369281045751634 0.025701858442071967
1 0.08660130718954248 0.3125741399762752 0.027369281045751634 0.020166073546856466
1 0.051470588235294115 0.31198102016607354 0.025326797385620915 0.022143139580862
1 0.021548202614379085 0.31316725978647686 0.026348039215686275 0.022143139580862
1 0.02022058823529412 0.2876631079478055 0.028594771241830064 0.024120205614867538
1 0.02062908496732026 0.2611704230921313 0.027777777777777776 0.02332937920126532
1 0.4922385620915033 0.21194147884539344 0.06004901960784314 0.039541320680110716
1 0.49244281045751637 0.16706207987346777 0.05923202614379085 0.04310003954132068
1 0.4320874183006536 0.1686437327006722 0.05943627450980392 0.04705417160933175
1 0.4314746732026144 0.2129300118623962 0.06025326797385621 0.039936733886911824
1 0.3246527777777778 0.20561486753657574 0.04840686274509804 0.055357848952155
1 0.2920751633986928 0.21629102412020562 0.014297385620915032 0.03637801502570186
1 0.3694852941176471 0.18940292605773032 0.04125816993464052 0.08778173190984578
1 0.2719566993464052 0.1959272439699486 0.0181781045751634 0.07631474891261368
1 0.2540849673202614 0.19869513641755635 0.016339869281045753 0.0715697904310004
1 0.23651960784313725 0.19691577698695137 0.015931372549019607 0.07512850929221036
1 0.2201797385620915 0.19691577698695137 0.015931372549019607 0.07433768287860815
1 0.20302287581699346 0.19750889679715303 0.015931372549019607 0.07394226967180703
1 0.18586601307189543 0.19691577698695137 0.015931372549019607 0.0719652036378015
1 0.16952614379084968 0.1981020166073547 0.015522875816993464 0.07275603005140371
1 0.14491421568627452 0.20423092131277185 0.02267156862745098 0.028865164096480822
1 0.14399509803921567 0.16982997232107552 0.02287581699346405 0.0328192961644919
1 0.12020016339869281 0.17042309213127718 0.02144607843137255 0.03242388295769079
1 0.1198937908496732 0.2040332147093713 0.02165032679738562 0.028469750889679714
1 0.09763071895424837 0.17180703835508107 0.020016339869281044 0.03440094899169632
1 0.09722222222222222 0.20581257413997628 0.02042483660130719 0.02807433768287861
1 0.07526552287581699 0.17912218268090155 0.02185457516339869 0.028469750889679714
1 0.07393790849673203 0.2077896401739818 0.024101307189542485 0.024120205614867538
1 0.047691993464052285 0.18011071569790432 0.025939542483660132 0.028865164096480822
1 0.04738562091503268 0.20838275998418349 0.025735294117647058 0.02372479240806643
1 0.5104166666666666 0.057334914986160536 0.024509803921568627 0.021352313167259787
1 0.48457924836601307 0.04922894424673784 0.026756535947712417 0.027283511269276393
1 0.48600898692810457 0.07769869513641756 0.025939542483660132 0.025701858442071967
1 0.4856004901960784 0.10340055357848953 0.026756535947712417 0.021747726374060895
1 0.45731209150326796 0.04804270462633452 0.026552287581699346 0.027283511269276393
1 0.4574142156862745 0.0771055753262159 0.027165032679738563 0.026888098062475288
1 0.45700571895424835 0.10458679319889284 0.026348039215686275 0.02095689996045868
1 0.4293300653594771 0.04942665085013839 0.02696078431372549 0.026888098062475288
1 0.4297385620915033 0.077500988533017 0.025735294117647058 0.028469750889679714
1 0.42922794117647056 0.10300514037168841 0.026348039215686275 0.02095689996045868
1 0.39981617647058826 0.048438117833135626 0.026348039215686275 0.027283511269276393
1 0.40185866013071897 0.07848952155001977 0.026348039215686275 0.02649268485567418
1 0.4011437908496732 0.10359826018189007 0.026552287581699346 0.021352313167259787
1 0.37193627450980393 0.05318307631474891 0.024509803921568627 0.018584420719652037
1 0.37367238562091504 0.07769869513641756 0.027165032679738563 0.02807433768287861
1 0.37346813725490197 0.10399367338869119 0.025939542483660132 0.019770660340055358
1 0.3459967320261438 0.07809410834321866 0.024918300653594773 0.02807433768287861
1 0.34528186274509803 0.10379596678529063 0.027165032679738563 0.02095689996045868
1 0.31924019607843135 0.07769869513641756 0.027369281045751634 0.027283511269276393
1 0.3034109477124183 0.033412415974693556 0.025122549019607844 0.02095689996045868
1 0.2925857843137255 0.05041518386714116 0.025531045751633986 0.025701858442071967
1 0.29064542483660133 0.0800711743772242 0.025326797385620915 0.02649268485567418
1 0.29064542483660133 0.10359826018189007 0.026143790849673203 0.022933965994464216
1 0.2633782679738562 0.07888493475682087 0.025122549019607844 0.02649268485567418
1 0.2638888888888889 0.10359826018189007 0.02696078431372549 0.022143139580862
1 0.37806372549019607 0.03914590747330961 0.025735294117647058 0.01818900751285093
1 0.4534313725490196 0.023527085804665875 0.028186274509803922 0.021747726374060895
1 0.23845996732026145 0.10083036773428232 0.021037581699346407 0.03163305654408857
1 0.23825571895424835 0.06247528667457493 0.021037581699346407 0.03637801502570186
1 0.21129493464052287 0.10142348754448399 0.02267156862745098 0.02965599051008304
1 0.22283496732026145 0.06820877817319099 0.015522875816993464 0.036773428232502965
1 0.18678513071895425 0.06326611308817714 0.023488562091503268 0.03716884143930407
1 0.18555964052287582 0.10023724792408066 0.023080065359477125 0.02965599051008304
1 0.16288807189542484 0.0638592328983788 0.02185457516339869 0.03598260181890075
1 0.1627859477124183 0.0992487149070779 0.020833333333333332 0.033214709371293
1 0.1361315359477124 0.051008303677342826 0.0247140522875817 0.02609727164887307
0 0.007455065359477125 0.8568604191379993 0.01491013071895425 0.03479636219849743
1 0.6309232026143791 0.2793594306049822 0.022058823529411766 0.14037168841439304
1 0.5776143790849673 0.10715697904310004 0.030637254901960783 0.13048635824436536
1 0.5446282679738562 0.10636615262949782 0.03125 0.13048635824436536
1 0.7722630718954249 0.45294582839066827 0.034722222222222224 0.14590747330960854
1 0.008374183006535947 0.02649268485567418 0.016748366013071895 0.024515618821668642
1 0.005412581699346405 0.053776196124950576 0.01082516339869281 0.02530644523527086
1 0.1919934640522876 0.03756425464610518 0.02246732026143791 0.015025701858442072
0 0.964562908496732 0.20205614867536575 0.017769607843137254 0.04744958481613286
0 0.8731617647058824 0.2026492684855674 0.01919934640522876 0.04310003954132068
0 0.7861519607843137 0.20561486753657574 0.01838235294117647 0.051403716884143934
0 0.6085580065359477 0.19454329774614473 0.018995098039215685 0.030051403716884143
0 0.6823937908496732 0.20541716093317516 0.0196078431372549 0.051799130090945035
0 0.5385008169934641 0.1933570581257414 0.01940359477124183 0.02926057730328193
0 0.5002042483660131 0.14590747330960854 0.01919934640522876 0.05219454329774614
0 0.476000816993464 0.1312771846579676 0.01940359477124183 0.022933965994464216
0 0.3639705882352941 0.14689600632661132 0.018790849673202614 0.056544088572558326
0 0.3110702614379085 0.14748912613681298 0.018790849673202614 0.05614867536575722
0 0.4088031045751634 0.26591538157374456 0.019812091503267973 0.054962435745353894
0 0.3544730392156863 0.2595887702649268 0.011642156862745098 0.04151838671411625
0 0.7760416666666666 0.3726769474100435 0.018995098039215685 0.03519177540529854
0 0.6761642156862745 0.3726769474100435 0.01940359477124183 0.033610122578094107
0 0.6324550653594772 0.38177145116646893 0.018995098039215685 0.051799130090945035
0 0.5380923202614379 0.38098062475286676 0.01940359477124183 0.05258995650454725
0 0.4824346405228758 0.4262554369315935 0.018790849673202614 0.0498220640569395
0 0.44842728758169936 0.42526690391459077 0.018995098039215685 0.04942665085013839
0 0.41513480392156865 0.42724396994859626 0.01940359477124183 0.05338078291814947
0 0.38848039215686275 0.4264531435349941 0.018790849673202614 0.051008303677342826
0 0.35549428104575165 0.4280347963621985 0.01940359477124183 0.05258995650454725
0 0.32832924836601307 0.41122973507315147 0.01940359477124183 0.019770660340055358
0 0.2747140522875817 0.4276393831553974 0.0196078431372549 0.05258995650454725
0 0.24417892156862744 0.42408066429418745 0.023080065359477125 0.04468169236852511
0 0.21680964052287582 0.42447607750098854 0.0247140522875817 0.045472518782127325
0 0.1159109477124183 0.45630684064847765 0.018995098039215685 0.05219454329774614
1 0.9642565359477124 0.10834321866350335 0.028594771241830064 0.1273230525899565
1 0.9345383986928104 0.10814551206010281 0.02798202614379085 0.1277184657967576
1 0.7889093137254902 0.10913404507710557 0.028799019607843136 0.12969553183076316
1 0.7588848039215687 0.10893633847370503 0.03002450980392157 0.12930011862396204
1 0.7045547385620915 0.11229735073151444 0.006740196078431373 0.12257809410834322
1 0.6918913398692811 0.11269276393831554 0.012050653594771242 0.12099644128113879
1 0.6704452614379085 0.10952945828390669 0.029616013071895424 0.12811387900355872
1 0.6399101307189542 0.10873863187030447 0.0298202614379085 0.12811387900355872
1 0.6095792483660131 0.10794780545670225 0.029616013071895424 0.12890470541716093
1 0.20618872549019607 0.6757611704230921 0.028799019607843136 0.024515618821668642
1 0.17647058823529413 0.6182285488335311 0.028594771241830064 0.02807433768287861
1 0.17647058823529413 0.647489126136813 0.028594771241830064 0.027283511269276393
1 0.17687908496732027 0.6763542902332937 0.027777777777777776 0.02649268485567418
1 0.13347630718954248 0.632858837485172 0.04513888888888889 0.04863582443653618
1 0.06597222222222222 0.5201660735468565 0.03227124183006536 0.018584420719652037
1 0.03104575163398693 0.47172795571372084 0.03349673202614379 0.022933965994464216
1 0.030943627450980393 0.49663898774219056 0.03370098039215686 0.024515618821668642
1 0.03196486928104575 0.5195729537366548 0.03329248366013072 0.018979833926453145
1 0.006740196078431373 0.5195729537366548 0.013480392156862746 0.01818900751285093
1 0.006535947712418301 0.4958481613285884 0.013071895424836602 0.022933965994464216
1 0.5027573529411765 0.37030446816923684 0.03860294117647059 0.05338078291814947
1 0.46292892156862747 0.3691182285488335 0.03901143790849673 0.05417160933175168
1 0.5012254901960784 0.3113879003558719 0.0392156862745098 0.05970739422696718
1 0.46313316993464054 0.31158560695927245 0.03451797385620915 0.05693950177935943
0 0.6190767973856209 0.5581257413997628 0.018790849673202614 0.04863582443653618
0 0.5045955882352942 0.5464610517991301 0.018995098039215685 0.022933965994464216
1 0.6545138888888888 0.27995255041518385 0.023488562091503268 0.1423487544483986
1 0.5587214052287581 0.27876631079478054 0.023080065359477125 0.14076710162119416
1 0.9590482026143791 0.2805456702253855 0.028390522875816993 0.13088177145116647
1 0.9282066993464052 0.2801502570185844 0.02920751633986928 0.1324634242783709
1 0.8975694444444444 0.28133649663898774 0.02798202614379085 0.13483590351917754
1 0.8669321895424836 0.28173190984578883 0.03002450980392157 0.13562672993277974
1 0.8358864379084967 0.2833135626729933 0.03002450980392157 0.13167259786476868
1 0.31525735294117646 0.7852906287069988 0.024305555555555556 0.12890470541716093
1 0.2945261437908497 0.7801502570185844 0.022058823529411766 0.1273230525899565
1 0.26919934640522875 0.7844998022933966 0.024101307189542485 0.1265322261763543
1 0.24693627450980393 0.7850929221035983 0.022058823529411766 0.12534598655595097
1 0.22375408496732027 0.7846975088967971 0.023080065359477125 0.12613681296955317
1 0.2013888888888889 0.783906682483195 0.022058823529411766 0.12455516014234876
0 0.14103349673202614 0.8562672993277975 0.0247140522875817 0.03756425464610518
0 0.17555147058823528 0.8792012653222617 0.0181781045751634 0.051799130090945035
1 0.6072303921568627 0.2791617240015817 0.02287581699346405 0.14076710162119416
1 0.5829248366013072 0.27876631079478054 0.023284313725490197 0.14076710162119416
1 0.9897875816993464 0.10873863187030447 0.02042483660130719 0.12811387900355872
1 0.938623366013072 0.4489916963226572 0.034926470588235295 0.1443258204824041
1 0.9035947712418301 0.44958481613285883 0.03390522875816993 0.14551206010280743
1 0.8694852941176471 0.4523527085804666 0.03308823529411765 0.14630288651640966
1 0.8289419934640523 0.4515618821668644 0.025939542483660132 0.14788453934361406
1 0.806781045751634 0.4527481217872677 0.03308823529411765 0.14551206010280743
1 0.8372140522875817 0.616053776196125 0.029411764705882353 0.13523131672597866
1 0.7152777777777778 0.620007908264136 0.03431372549019608 0.13444049031237643
1 0.6828022875816994 0.6172400158165283 0.02900326797385621 0.132858837485172
1 0.6515522875816994 0.6168446026097272 0.027777777777777776 0.13364966389877422
1 0.6281658496732027 0.6209964412811388 0.02920751633986928 0.13404507710557534
1 0.5976307189542484 0.6209964412811388 0.030637254901960783 0.13720838275998418
1 0.5657679738562091 0.6204033214709371 0.029411764705882353 0.13602214313958086
1 0.5345179738562091 0.6202056148675366 0.030637254901960783 0.1379992091735864
1 0.5061274509803921 0.6223803875049426 0.024918300653594773 0.1376037959667853
1 0.38419117647058826 0.621787267694741 0.021241830065359478 0.13404507710557534
1 0.9874387254901961 0.7621589561091341 0.02389705882352941 0.12534598655595097
1 0.9610906862745098 0.769276393831554 0.037377450980392156 0.13641755634638197
1 0.8640727124183006 0.7684855674179517 0.0247140522875817 0.12613681296955317
1 0.8400735294117647 0.7740213523131673 0.0298202614379085 0.13641755634638197
1 0.6842320261437909 0.7740213523131673 0.03145424836601307 0.12613681296955317
1 0.45925245098039214 0.7813364966389877 0.02389705882352941 0.1368129695531831
1 0.33874591503267976 0.7850929221035983 0.02144607843137255 0.1277184657967576
1 0.11417483660130719 0.918940292605773 0.034722222222222224 0.0941083432186635
1 0.7261029411764706 0.10893633847370503 0.03349673202614379 0.12930011862396204
1 0.9925449346405228 0.4476077500988533 0.014501633986928105 0.14076710162119416
1 0.13541666666666666 0.0800711743772242 0.026552287581699346 0.02807433768287861
1 0.13674428104575165 0.10577303281929616 0.027165032679738563 0.022538552787663108
1 0.109375 0.05318307631474891 0.025939542483660132 0.02807433768287861
1 0.14583333333333334 0.029062870699881376 0.02696078431372549 0.021747726374060895
1 0.12142565359477124 0.02965599051008304 0.023488562091503268 0.021352313167259787
1 0.10947712418300654 0.08086200079082641 0.025735294117647058 0.027283511269276393
1 0.10917075163398693 0.10676156583629894 0.025531045751633986 0.022143139580862
1 0.08220996732026144 0.05258995650454725 0.025939542483660132 0.02530644523527086
1 0.08241421568627451 0.08165282720442862 0.025531045751633986 0.025701858442071967
1 0.08251633986928104 0.10695927243969948 0.026143790849673203 0.02095689996045868
1 0.0954861111111111 0.02965599051008304 0.025531045751633986 0.019770660340055358
1 0.07005718954248366 0.03163305654408857 0.02246732026143791 0.01818900751285093
1 0.055044934640522875 0.08204824041122974 0.026756535947712417 0.02649268485567418
1 0.05473856209150327 0.10755239224990115 0.02696078431372549 0.022143139580862
1 0.036968954248366014 0.030644523527085805 0.028186274509803922 0.018584420719652037
1 0.025633169934640522 0.05258995650454725 0.028390522875816993 0.02926057730328193
1 0.025837418300653593 0.10854092526690391 0.027573529411764705 0.02095689996045868
1 0.0055147058823529415 0.10814551206010281 0.011029411764705883 0.022538552787663108
1 0.005821078431372549 0.08204824041122974 0.011642156862745098 0.02491103202846975
0 0.22487745098039216 0.879992091735864 0.01919934640522876 0.05021747726374061
1 0.14470996732026145 0.2572162910241202 0.026348039215686275 0.02965599051008304
1 0.11570669934640523 0.26037959667852906 0.027573529411764705 0.02649268485567418
1 0.40778186274509803 0.6219849742981416 0.025122549019607844 0.1376037959667853
1 0.7504084967320261 0.7773823645709766 0.029411764705882353 0.13523131672597866
1 0.7178308823529411 0.7781731909845789 0.034109477124183 0.13602214313958086
1 0.384906045751634 0.7854883353103994 0.023080065359477125 0.1277184657967576
1 0.36121323529411764 0.7854883353103994 0.022263071895424837 0.1277184657967576
1 0.09967320261437909 0.4711348359035192 0.03104575163398693 0.02095689996045868
0 0.2010825163398693 0.8797943851324634 0.018586601307189542 0.05298536971134836
0 0.10876225490196079 0.8570581257413997 0.025531045751633986 0.04072756030051404
0 0.26266339869281047 0.8756425464610518 0.02246732026143791 0.04310003954132068
0 0.0934436274509804 0.4553183076314749 0.018995098039215685 0.051008303677342826
0 0.07434640522875817 0.43673388691182286 0.017973856209150325 0.014630288651640965
0 0.03574346405228758 0.4373270067220245 0.01838235294117647 0.013444049031237644
0 0.006127450980392157 0.4565045472518782 0.012254901960784314 0.051008303677342826
0 0.9887663398692811 0.553183076314749 0.01715686274509804 0.053776196124950576
0 0.953125 0.5529853697113484 0.01940359477124183 0.054962435745353894
0 0.28747957516339867 0.869315935152234 0.0181781045751634 0.027283511269276393
0 0.6831086601307189 0.56069592724397 0.018995098039215685 0.054567022538552785
0 0.20189950980392157 0.7069988137603797 0.018995098039215685 0.028469750889679714
1 0.29391339869281047 0.6233689205219455 0.029411764705882353 0.02965599051008304
1 0.2951388888888889 0.6522340846184262 0.028594771241830064 0.02649268485567418
1 0.2956495098039216 0.6777382364570976 0.028799019607843136 0.022143139580862
1 0.2643995098039216 0.6204033214709371 0.028390522875816993 0.02926057730328193
1 0.265625 0.6512455516014235 0.028799019607843136 0.02609727164887307
1 0.2648080065359477 0.6781336496638988 0.028390522875816993 0.02372479240806643
1 0.23539624183006536 0.5907473309608541 0.02798202614379085 0.028469750889679714
1 0.23539624183006536 0.6204033214709371 0.028390522875816993 0.02926057730328193
1 0.2349877450980392 0.6518386714116251 0.028799019607843136 0.02807433768287861
1 0.23539624183006536 0.677145116646896 0.02798202614379085 0.02095689996045868
1 0.20720996732026145 0.5889679715302492 0.02798202614379085 0.02649268485567418
1 0.17555147058823528 0.5895610913404508 0.028390522875816993 0.026888098062475288
1 0.20618872549019607 0.6180308422301305 0.028799019607843136 0.030051403716884143
1 0.20588235294117646 0.6486753657572163 0.028186274509803922 0.027283511269276393
0 0.16911764705882354 0.26611308817714513 0.017565359477124183 0.05298536971134836
0 0.14368872549019607 0.2380387504942665 0.01940359477124183 0.030051403716884143
0 0.12214052287581699 0.23843416370106763 0.020016339869281044 0.02926057730328193
0 0.05310457516339869 0.25108738631870303 0.018790849673202614 0.05219454329774614
0 0.9549632352941176 0.36892052194543296 0.019812091503267973 0.03242388295769079
0 0.8689746732026143 0.3718861209964413 0.018995098039215685 0.03440094899169632
1 0.1318423202614379 0.5786872281534203 0.0479983660130719 0.056544088572558326
1 0.08700980392156862 0.632858837485172 0.04738562091503268 0.051008303677342826
1 0.0403390522875817 0.632858837485172 0.044730392156862746 0.051008303677342826
1 0.09191176470588236 0.5765124555160143 0.03308823529411765 0.05614867536575722
1 0.05708741830065359 0.5743376828786081 0.03819444444444445 0.04784499802293397
1 0.01031454248366013 0.6194147884539344 0.02062908496732026 0.0771055753262159
1 0.5 0.47330960854092524 0.031862745098039214 0.0387504942665085
0 0.336499183006536 0.8661526294978252 0.018586601307189542 0.01937524713325425
0 0.030535130718954247 0.8554764729141954 0.0247140522875817 0.033610122578094107
0 0.4300449346405229 0.8760379596678529 0.01940359477124183 0.042309213127718466
0 0.5065359477124183 0.7077896401739818 0.01919934640522876 0.024515618821668642
0 0.5378880718954249 0.7210359826018189 0.018586601307189542 0.051799130090945035
0 0.4545547385620915 0.8829576907868723 0.0181781045751634 0.05298536971134836
0 0.4071691176470588 0.8809806247528668 0.0181781045751634 0.05219454329774614
1 0.5345179738562091 0.2779754843811783 0.023284313725490197 0.1423487544483986
1 0.6830065359477124 0.2858837485172005 0.0298202614379085 0.13048635824436536
1 0.7142565359477124 0.28430209568999604 0.03022875816993464 0.13444049031237643
1 0.9871323529411765 0.28113879003558717 0.025326797385620915 0.1312771846579676
1 0.5375816993464052 0.780743376828786 0.03104575163398693 0.1379992091735864
1 0.5094975490196079 0.7815342032423883 0.02389705882352941 0.13641755634638197
1 0.4838643790849673 0.7813364966389877 0.024101307189542485 0.1368129695531831
1 0.846609477124183 0.10913404507710557 0.028594771241830064 0.12969553183076316
1 0.8176062091503268 0.10913404507710557 0.027369281045751634 0.12969553183076316
1 0.7377450980392157 0.45353894820086993 0.03227124183006536 0.14551206010280743
1 0.5691380718954249 0.45195729537366547 0.03370098039215686 0.1494661921708185
1 0.5351307189542484 0.45175958877026495 0.03308823529411765 0.15144325820482404
1 0.9259599673202614 0.6119019375247133 0.02920751633986928 0.13404507710557534
1 0.9849877450980392 0.6079478054567022 0.017769607843137254 0.1277184657967576
1 0.8960375816993464 0.6136812969553183 0.0298202614379085 0.13364966389877422
1 0.8665236928104575 0.6150652431791221 0.028390522875816993 0.13483590351917754
0 0.0687295751633987 0.6844602609727165 0.018995098039215685 0.04349545274812179
0 0.17483660130718953 0.7069988137603797 0.0196078431372549 0.03084223013048636
0 0.7160947712418301 0.8742586002372479 0.01838235294117647 0.045077105575326216
0 0.5022467320261438 0.8762356662712535 0.0196078431372549 0.04112297350731514
0 0.38235294117647056 0.8815737445630684 0.01919934640522876 0.04863582443653618
0 0.3619281045751634 0.8659549228944247 0.018790849673202614 0.01818900751285093
0 0.9369893790849673 0.868920521945433 0.0181781045751634 0.05258995650454725
0 0.7822712418300654 0.8606168446026097 0.01838235294117647 0.020166073546856466
1 0.8055555555555556 0.28430209568999604 0.026143790849673203 0.13048635824436536
1 0.7763480392156863 0.2837089758797944 0.03104575163398693 0.13167259786476868
1 0.7447916666666666 0.28390668248319495 0.030433006535947712 0.1320680110715698
1 0.904922385620915 0.10854092526690391 0.028799019607843136 0.12850929221035984
1 0.8757148692810458 0.10913404507710557 0.027573529411764705 0.12969553183076316
0 0.8480392156862745 0.8703044681692369 0.01919934640522876 0.04191379992091736
0 0.48049428104575165 0.8819691577698695 0.018586601307189542 0.051799130090945035
0 0.4497549019607843 0.1306840648477659 0.01919934640522876 0.02332937920126532
0 0.4245302287581699 0.13088177145116647 0.01940359477124183 0.022933965994464216
0 0.2569444444444444 0.14669829972321075 0.018790849673202614 0.053776196124950576
0 0.23570261437908496 0.13661526294978252 0.018790849673202614 0.033610122578094107
0 0.207312091503268 0.12475286674574931 0.01919934640522876 0.010676156583629894
0 0.10529003267973856 0.14254646105179913 0.023488562091503268 0.04151838671411625
0 0.07741013071895425 0.14037168841439304 0.01919934640522876 0.03479636219849743
0 0.047691993464052285 0.1443258204824041 0.02389705882352941 0.04112297350731514
0 0.018790849673202614 0.1443258204824041 0.021241830065359478 0.04191379992091736
0 0.3020833333333333 0.2601818900751285 0.01184640522875817 0.04112297350731514
0 0.2855392156862745 0.2457493080268881 0.012663398692810458 0.014630288651640965
0 0.26378676470588236 0.26611308817714513 0.01940359477124183 0.051403716884143934
0 0.24468954248366012 0.26551996836694347 0.017565359477124183 0.051008303677342826
0 0.22579656862745098 0.26591538157374456 0.018586601307189542 0.051799130090945035
0 0.2062908496732026 0.26591538157374456 0.017565359477124183 0.05338078291814947
0 0.18668300653594772 0.26453143534994067 0.0196078431372549 0.049031237643337285
0 0.7561274509803921 0.5587188612099644 0.01838235294117647 0.05219454329774614
0 0.5374795751633987 0.8766310794780545 0.018586601307189542 0.042704626334519574
0 0.3091299019607843 0.8821668643732701 0.021037581699346407 0.053776196124950576
0 0.9917279411764706 0.8681296955318307 0.01613562091503268 0.05258995650454725
0 0.18790849673202614 0.4248714907077896 0.023284313725490197 0.046263345195729534
0 0.9036968954248366 0.55357848952155 0.01940359477124183 0.05061289047054172
0 0.1198937908496732 0.6793198892843021 0.01838235294117647 0.03479636219849743
0 0.42493872549019607 0.716093317516805 0.0181781045751634 0.04033214709371293
0 0.6324550653594772 0.7079873467773824 0.01940359477124183 0.02649268485567418
0 0.23478349673202614 0.7202451561882167 0.017769607843137254 0.051008303677342826
0 0.26603349673202614 0.7135231316725978 0.018995098039215685 0.036773428232502965
0 0.2905433006535948 0.7224199288256228 0.0181781045751634 0.05298536971134836
0 0.3272058823529412 0.7208382759984183 0.017565359477124183 0.0498220640569395
0 0.38204656862745096 0.7204428627916173 0.018586601307189542 0.048240411229735075
0 0.45036764705882354 0.7087781731909846 0.01919934640522876 0.024120205614867538
1 0.37663398692810457 0.3471727955713721 0.02042483660130719 0.08461842625543693
0 0.027879901960784315 0.6680506128904705 0.019812091503267973 0.011466982997232108
1 0.021241830065359478 0.1805061289047054 0.026552287581699346 0.028865164096480822
1 0.020833333333333332 0.20937129300118623 0.026143790849673203 0.022538552787663108
1 0.514297385620915 0.10399367338869119 0.025735294117647058 0.021352313167259787
1 0.5105187908496732 0.08125741399762752 0.025122549019607844 0.02095689996045868
0 0.8353758169934641 0.5591142744167655 0.018790849673202614 0.05219454329774614
0 0.365093954248366 0.5533807829181495 0.018586601307189542 0.036773428232502965
0 0.2119076797385621 0.561091340450771 0.018995098039215685 0.054567022538552785
1 0.02624591503267974 0.08283906682483196 0.027165032679738563 0.02491103202846975
0 0.18760212418300654 0.13345195729537365 0.017361111111111112 0.027283511269276393
0 0.16809640522875818 0.134638196915777 0.017973856209150325 0.02965599051008304
0 0.14338235294117646 0.14294187425860025 0.02287581699346405 0.04389086595492289
0 0.35355392156862747 0.719652036378015 0.01838235294117647 0.04665875840253064
1 0.2630718954248366 0.05081059707394227 0.026143790849673203 0.028865164096480822
1 0.05443218954248366 0.054369315935152235 0.026348039215686275 0.02649268485567418
0 0.5379901960784313 0.5569395017793595 0.01838235294117647 0.04784499802293397
0 0.46578839869281047 0.5583234480031634 0.017769607843137254 0.04586793198892843
0 0.16094771241830066 0.4246737841043891 0.023284313725490197 0.04586793198892843
0 0.43504901960784315 0.5569395017793595 0.01838235294117647 0.04310003954132068
0 0.14920343137254902 0.45373665480427045 0.01940359477124183 0.04942665085013839
0 0.05463643790849673 0.43633847370502177 0.0181781045751634 0.013048635824436536
0 0.5811887254901961 0.3821668643732701 0.01940359477124183 0.05338078291814947
1 0.27593954248366015 0.03163305654408857 0.024509803921568627 0.019770660340055358
0 0.39389297385620914 0.558916567813365 0.0181781045751634 0.04784499802293397
0 0.29411764705882354 0.5601028074337683 0.01919934640522876 0.051008303677342826
0 0.2584763071895425 0.558916567813365 0.018586601307189542 0.04942665085013839
0 0.17064950980392157 0.5529853697113484 0.019812091503267973 0.04468169236852511
0 0.13531454248366012 0.5401344404903123 0.018995098039215685 0.015816528272044286
0 0.7156862745098039 0.7115460656385924 0.018790849673202614 0.03598260181890075
0 0.8084150326797386 0.6969157769869514 0.017973856209150325 0.014630288651640965
0 0.8973651960784313 0.7022538552787663 0.018586601307189542 0.03479636219849743
0 0.9650735294117647 0.6986951364175563 0.01919934640522876 0.030051403716884143
0 0.6519607843137255 0.8797943851324634 0.01838235294117647 0.05298536971134836
0 0.24560866013071894 0.8691182285488336 0.0181781045751634 0.030051403716884143
0 0.4778390522875817 0.2635429023329379 0.018995098039215685 0.051008303677342826
0 0.09712009803921569 0.23606168446026096 0.02267156862745098 0.022143139580862
0 0.009497549019607842 0.23428232502965599 0.018995098039215685 0.020166073546856466
1 0.31842320261437906 0.10438908659549229 0.026552287581699346 0.022933965994464216
