1 0.24951171875 0.15046296296296297 0.06608072916666667 0.06597222222222222
1 0.29296875 0.16869212962962962 0.042317708333333336 0.041087962962962965
1 0.341796875 0.14814814814814814 0.052734375 0.0763888888888889
1 0.023763020833333332 0.08912037037037036 0.046875 0.04513888888888889
1 0.025553385416666668 0.12152777777777778 0.044596354166666664 0.03935185185185185
1 0.048502604166666664 0.14814814814814814 0.048828125 0.0775462962962963
1 0.060384114583333336 0.08506944444444445 0.048502604166666664 0.06018518518518518
1 0.13020833333333334 0.14756944444444445 0.061848958333333336 0.08912037037037036
1 0.17887369791666666 0.14872685185185186 0.049153645833333336 0.08333333333333333
1 0.17513020833333334 0.06163194444444445 0.05078125 0.052662037037037035
1 0.087890625 0.10387731481481481 0.059244791666666664 0.05844907407407408
1 0.19856770833333334 0.10677083333333333 0.059244791666666664 0.06076388888888889
1 0.2506510416666667 0.10561342592592593 0.059244791666666664 0.05381944444444445
1 0.26171875 0.050347222222222224 0.0546875 0.0763888888888889
1 0.287109375 0.07523148148148148 0.057942708333333336 0.07407407407407407
1 0.37109375 0.05439814814814815 0.0390625 0.08912037037037036
1 0.390625 0.12413194444444445 0.064453125 0.109375
1 0.2981770833333333 0.12384259259259259 0.048177083333333336 0.08449074074074074
1 0.4134114583333333 0.0390625 0.040364583333333336 0.06770833333333333
1 0.4010416666666667 0.07436342592592593 0.055989583333333336 0.06770833333333333
1 0.3180338541666667 0.06799768518518519 0.046875 0.08043981481481481
1 0.3465169270833333 0.07494212962962964 0.030924479166666668 0.07928240740740741
1 0.49560546875 0.055844907407407406 0.0400390625 0.0642361111111111
1 0.5231119791666666 0.07060185185185185 0.032552083333333336 0.061342592592592594
1 0.466796875 0.11400462962962964 0.034505208333333336 0.05439814814814815
1 0.45361328125 0.05931712962962963 0.034830729166666664 0.04918981481481482
1 0.45361328125 0.08912037037037036 0.034830729166666664 0.03356481481481482
1 0.447265625 0.13512731481481483 0.0390625 0.05960648148148148
1 0.4825846354166667 0.09519675925925926 0.0283203125 0.043402777777777776
1 0.5089518229166666 0.10648148148148148 0.029622395833333332 0.05092592592592592
1 0.4793294270833333 0.14612268518518517 0.0322265625 0.03298611111111111
1 0.4814453125 0.1646412037037037 0.033854166666666664 0.017939814814814815
1 0.5055338541666666 0.1417824074074074 0.031901041666666664 0.059027777777777776
1 0.5686848958333334 0.11979166666666667 0.042317708333333336 0.05324074074074074
1 0.5314127604166666 0.1244212962962963 0.0361328125 0.0625
1 0.5472005208333334 0.08072916666666667 0.027994791666666668 0.030671296296296297
1 0.5550130208333334 0.10358796296296297 0.033854166666666664 0.028935185185185185
1 0.5603841145833334 0.15046296296296297 0.060221354166666664 0.05092592592592592
1 0.5314127604166666 0.1244212962962963 0.0361328125 0.0625
1 0.6080729166666666 0.04861111111111111 0.037109375 0.06712962962962964
1 0.6222330729166666 0.09693287037037036 0.050455729166666664 0.07118055555555555
1 0.6572265625 0.12876157407407407 0.06901041666666667 0.10243055555555555
1 0.6487630208333334 0.048900462962962965 0.051432291666666664 0.0943287037037037
1 0.71435546875 0.12644675925925927 0.056315104166666664 0.08506944444444445
1 0.6980794270833334 0.059895833333333336 0.0595703125 0.078125
1 0.7692057291666666 0.13599537037037038 0.039713541666666664 0.05555555555555555
1 0.8136393229166666 0.1032986111111111 0.0361328125 0.061921296296296294
1 0.8720703125 0.11140046296296297 0.06705729166666667 0.08969907407407407
1 0.8260091145833334 0.07233796296296297 0.0322265625 0.06712962962962964
1 0.7716471354166666 0.09085648148148148 0.0302734375 0.059027777777777776
1 0.7791341145833334 0.035590277777777776 0.046549479166666664 0.05613425925925926
1 0.7462565104166666 0.06944444444444445 0.0322265625 0.05324074074074074
1 0.8689778645833334 0.05700231481481482 0.0576171875 0.08391203703703703
1 0.8009440104166666 0.020833333333333332 0.0322265625 0.041666666666666664
1 0.9163411458333334 0.1177662037037037 0.043619791666666664 0.043402777777777776
1 0.9820963541666666 0.1189236111111111 0.03515625 0.03761574074074074
1 0.9436848958333334 0.07291666666666667 0.041666666666666664 0.041666666666666664
1 0.9754231770833334 0.07320601851851852 0.0302734375 0.041087962962962965
1 0.9925130208333334 0.07349537037037036 0.014322916666666666 0.03587962962962963
1 0.025065104166666668 0.5173611111111112 0.050130208333333336 0.09953703703703703
1 0.043294270833333336 0.5763888888888888 0.047526041666666664 0.08333333333333333
1 0.08968098958333333 0.5668402777777778 0.0537109375 0.08622685185185185
1 0.07161458333333333 0.5121527777777778 0.059895833333333336 0.08912037037037036
1 0.02001953125 0.45023148148148145 0.0400390625 0.08217592592592593
1 0.06282552083333333 0.4557291666666667 0.043619791666666664 0.057291666666666664
1 0.11100260416666667 0.49971064814814814 0.041666666666666664 0.0642361111111111
1 0.12093098958333333 0.4129050925925926 0.050455729166666664 0.08854166666666667
1 0.16455078125 0.3912037037037037 0.051106770833333336 0.08680555555555555
1 0.16634114583333334 0.4401041666666667 0.043619791666666664 0.06655092592592593
1 0.15462239583333334 0.48842592592592593 0.044921875 0.059027777777777776
1 0.036458333333333336 0.41203703703703703 0.048828125 0.06481481481481481
1 0.06640625 0.3767361111111111 0.044921875 0.06597222222222222
1 0.12923177083333334 0.3663194444444444 0.049479166666666664 0.04513888888888889
1 0.16227213541666666 0.5384837962962963 0.0419921875 0.06655092592592593
1 0.19075520833333334 0.5662615740740741 0.039713541666666664 0.07928240740740741
1 0.22395833333333334 0.5708912037037037 0.031901041666666664 0.06539351851851852
1 0.21028645833333334 0.3744212962962963 0.030598958333333332 0.05439814814814815
1 0.22542317708333334 0.39814814814814814 0.0361328125 0.06018518518518518
1 0.24267578125 0.421875 0.036783854166666664 0.0625
1 0.2569986979166667 0.4383680555555556 0.032877604166666664 0.05150462962962963
1 0.20491536458333334 0.46469907407407407 0.034830729166666664 0.059027777777777776
1 0.21940104166666666 0.48755787037037035 0.04296875 0.06655092592592593
1 0.2568359375 0.5089699074074074 0.037109375 0.06539351851851852
1 0.25634765625 0.5694444444444444 0.0361328125 0.056712962962962965
1 0.29150390625 0.5112847222222222 0.036783854166666664 0.06655092592592593
1 0.3258463541666667 0.48640046296296297 0.0390625 0.06539351851851852
1 0.3111979166666667 0.45515046296296297 0.033854166666666664 0.06076388888888889
1 0.2877604166666667 0.5732060185185185 0.033854166666666664 0.04918981481481482
1 0.3390299479166667 0.5651041666666666 0.038736979166666664 0.07002314814814815
1 0.2775065104166667 0.4285300925925926 0.027669270833333332 0.052662037037037035
1 0.2931315104166667 0.40914351851851855 0.0302734375 0.04976851851851852
1 0.2776692708333333 0.37991898148148145 0.02734375 0.045717592592592594
1 0.3684895833333333 0.5321180555555556 0.037760416666666664 0.07118055555555555
1 0.3924153645833333 0.5951967592592593 0.0419921875 0.05381944444444445
1 0.4103190104166667 0.5613425925925926 0.034830729166666664 0.05439814814814815
1 0.4122721354166667 0.5237268518518519 0.037434895833333336 0.05439814814814815
1 0.3479817708333333 0.4597800925925926 0.038411458333333336 0.05613425925925926
1 0.3243815104166667 0.40219907407407407 0.033528645833333336 0.04976851851851852
1 0.3733723958333333 0.45949074074074076 0.027994791666666668 0.06481481481481481
1 0.4176432291666667 0.4861111111111111 0.030598958333333332 0.041666666666666664
1 0.423828125 0.4548611111111111 0.030598958333333332 0.05092592592592592
1 0.39501953125 0.44820601851851855 0.028971354166666668 0.04918981481481482
1 0.3963216145833333 0.41782407407407407 0.028971354166666668 0.037037037037037035
1 0.4264322916666667 0.42390046296296297 0.025390625 0.045717592592592594
1 0.47705078125 0.4508101851851852 0.049153645833333336 0.09027777777777778
1 0.5279947916666666 0.4302662037037037 0.041666666666666664 0.05381944444444445
1 0.5152994791666666 0.4809027777777778 0.05078125 0.0763888888888889
1 0.5406901041666666 0.4826388888888889 0.026041666666666668 0.08101851851851852
1 0.4737955729166667 0.5135995370370371 0.047200520833333336 0.0642361111111111
1 0.5271809895833334 0.5298032407407407 0.052408854166666664 0.08275462962962964
1 0.4606119791666667 0.5610532407407407 0.049479166666666664 0.078125
1 0.4928385416666667 0.5769675925925926 0.056640625 0.09837962962962964
1 0.67236328125 0.42390046296296297 0.023763020833333332 0.03993055555555555
1 0.6409505208333334 0.43778935185185186 0.01953125 0.030671296296296297
1 0.62060546875 0.46672453703703703 0.0205078125 0.031828703703703706
1 0.6513671875 0.4696180555555556 0.018229166666666668 0.030671296296296297
1 0.58984375 0.49247685185185186 0.020182291666666668 0.03125
1 0.6796875 0.4696180555555556 0.01953125 0.031828703703703706
1 0.6383463541666666 0.48582175925925924 0.016927083333333332 0.029513888888888888
1 0.62548828125 0.5101273148148148 0.021158854166666668 0.036458333333333336
1 0.5888671875 0.5219907407407407 0.020182291666666668 0.027777777777777776
1 0.5924479166666666 0.4508101851851852 0.020182291666666668 0.034722222222222224
1 0.63525390625 0.5688657407407407 0.023763020833333332 0.04050925925925926
1 0.5812174479166666 0.5541087962962963 0.021809895833333332 0.03993055555555555
1 0.61328125 0.5355902777777778 0.017578125 0.029513888888888888
1 0.6398111979166666 0.5248842592592593 0.0185546875 0.03819444444444445
1 0.6608072916666666 0.5190972222222222 0.018880208333333332 0.04050925925925926
1 0.6495768229166666 0.5662615740740741 0.017252604166666668 0.03761574074074074
1 0.69287109375 0.5219907407407407 0.019205729166666668 0.034722222222222224
1 0.6871744791666666 0.5717592592592593 0.022135416666666668 0.037037037037037035
1 0.68798828125 0.5419560185185185 0.0185546875 0.02025462962962963
1 0.5900065104166666 0.5737847222222222 0.019205729166666668 0.03530092592592592
1 0.7822265625 0.36400462962962965 0.037109375 0.05787037037037037
1 0.8170572916666666 0.38859953703703703 0.0390625 0.06886574074074074
1 0.78076171875 0.4039351851851852 0.0361328125 0.04976851851851852
1 0.77783203125 0.4363425925925926 0.035481770833333336 0.061342592592592594
1 0.8113606770833334 0.4322916666666667 0.035481770833333336 0.05439814814814815
1 0.8025716145833334 0.46585648148148145 0.037434895833333336 0.05092592592592592
1 0.8321940104166666 0.4976851851851852 0.038736979166666664 0.06018518518518518
1 0.8011067708333334 0.5121527777777778 0.040364583333333336 0.059027777777777776
1 0.8390299479166666 0.5477430555555556 0.039388020833333336 0.06076388888888889
1 0.8095703125 0.5604745370370371 0.044270833333333336 0.05844907407407408
1 0.74267578125 0.47511574074074076 0.036783854166666664 0.05555555555555555
1 0.7662760416666666 0.5034722222222222 0.041015625 0.06712962962962964
1 0.7478841145833334 0.38859953703703703 0.030924479166666668 0.050347222222222224
1 0.7298177083333334 0.4366319444444444 0.037760416666666664 0.05381944444444445
1 0.8528645833333334 0.39872685185185186 0.03125 0.05324074074074074
1 0.876953125 0.421875 0.039713541666666664 0.05787037037037037
1 0.865234375 0.4487847222222222 0.041015625 0.06655092592592593
1 0.9044596354166666 0.4351851851851852 0.0419921875 0.05787037037037037
1 0.921875 0.4123263888888889 0.042317708333333336 0.07002314814814815
1 0.9571940104166666 0.3978587962962963 0.0380859375 0.05960648148148148
1 0.9523111979166666 0.4771412037037037 0.045247395833333336 0.07118055555555555
1 0.9189453125 0.4788773148148148 0.039713541666666664 0.08043981481481481
1 0.984375 0.45023148148148145 0.030598958333333332 0.061342592592592594
1 0.9847005208333334 0.49623842592592593 0.029947916666666668 0.050347222222222224
1 0.87890625 0.4866898148148148 0.049479166666666664 0.0625
1 0.9464518229166666 0.5231481481481481 0.045247395833333336 0.05092592592592592
1 0.8719075520833334 0.5419560185185185 0.0458984375 0.07349537037037036
1 0.9733072916666666 0.5543981481481481 0.047526041666666664 0.059027777777777776
1 0.91943359375 0.5529513888888888 0.033528645833333336 0.0630787037037037
1 0.017740885416666668 0.9693287037037037 0.034830729166666664 0.06018518518518518
1 0.029459635416666668 0.9074074074074074 0.033528645833333336 0.06828703703703703
1 0.0576171875 0.9756944444444444 0.041666666666666664 0.04861111111111111
1 0.09521484375 0.9525462962962963 0.037434895833333336 0.06712962962962964
1 0.11702473958333333 0.9707754629629629 0.040690104166666664 0.05844907407407408
1 0.07291666666666667 0.9267939814814815 0.046223958333333336 0.05844907407407408
1 0.13671875 0.9270833333333334 0.041666666666666664 0.06481481481481481
1 0.1142578125 0.9056712962962963 0.044921875 0.05787037037037037
1 0.162109375 0.8874421296296297 0.041015625 0.06539351851851852
1 0.14599609375 0.8611111111111112 0.0419921875 0.0625
1 0.06005859375 0.8871527777777778 0.037434895833333336 0.06828703703703703
1 0.09700520833333333 0.8778935185185185 0.040364583333333336 0.06481481481481481
1 0.13232421875 0.8362268518518519 0.045247395833333336 0.05787037037037037
1 0.0654296875 0.8139467592592593 0.044921875 0.052662037037037035
1 0.11702473958333333 0.8142361111111112 0.0380859375 0.05787037037037037
1 0.16097005208333334 0.8006365740740741 0.042643229166666664 0.0642361111111111
1 0.18131510416666666 0.8324652777777778 0.030598958333333332 0.05381944444444445
1 0.19417317708333334 0.7858796296296297 0.029622395833333332 0.061342592592592594
1 0.18001302083333334 0.7618634259259259 0.040364583333333336 0.03877314814814815
1 0.13997395833333334 0.7786458333333334 0.040364583333333336 0.05960648148148148
1 0.1044921875 0.7743055555555556 0.038411458333333336 0.04976851851851852
1 0.07796223958333333 0.7717013888888888 0.033528645833333336 0.05844907407407408
1 0.05859375 0.7635995370370371 0.033203125 0.043402777777777776
1 0.045735677083333336 0.7841435185185185 0.027018229166666668 0.056712962962962965
1 0.0166015625 0.7809606481481481 0.033203125 0.0642361111111111
1 0.014973958333333334 0.8506944444444444 0.029947916666666668 0.06944444444444445
1 0.2517903645833333 0.7766203703703703 0.0439453125 0.05324074074074074
1 0.29296875 0.7702546296296297 0.033854166666666664 0.056712962962962965
1 0.3427734375 0.7757523148148148 0.037109375 0.0642361111111111
1 0.3111979166666667 0.8000578703703703 0.046223958333333336 0.0630787037037037
1 0.3128255208333333 0.8402777777777778 0.033203125 0.06828703703703703
1 0.23665364583333334 0.8159722222222222 0.033854166666666664 0.04513888888888889
1 0.21614583333333334 0.8509837962962963 0.041015625 0.06655092592592593
1 0.26123046875 0.8113425925925926 0.032877604166666664 0.05439814814814815
1 0.2587890625 0.8561921296296297 0.041015625 0.05613425925925926
1 0.20263671875 0.8987268518518519 0.0419921875 0.05092592592592592
1 0.2599283854166667 0.9027777777777778 0.0419921875 0.06365740740740741
1 0.3017578125 0.8932291666666666 0.046223958333333336 0.06886574074074074
1 0.2626953125 0.9539930555555556 0.04296875 0.05960648148148148
1 0.21695963541666666 0.9435763888888888 0.0361328125 0.05381944444444445
1 0.1923828125 0.9730902777777778 0.04296875 0.052662037037037035
1 0.22819010416666666 0.9742476851851852 0.037109375 0.05150462962962963
1 0.28369140625 0.9736689814814815 0.042643229166666664 0.05150462962962963
1 0.3185221354166667 0.9473379629629629 0.034830729166666664 0.06828703703703703
1 0.3338216145833333 0.8640046296296297 0.028971354166666668 0.06712962962962964
1 0.3401692708333333 0.8191550925925926 0.02734375 0.05960648148148148
1 0.3776041666666667 0.8723958333333334 0.035807291666666664 0.06655092592592593
1 0.3621419270833333 0.9265046296296297 0.0400390625 0.06828703703703703
1 0.3951822916666667 0.9230324074074074 0.038411458333333336 0.06712962962962964
1 0.4111328125 0.9574652777777778 0.042317708333333336 0.06886574074074074
1 0.3767903645833333 0.9707754629629629 0.0380859375 0.05613425925925926
1 0.93115234375 0.9293981481481481 0.0400390625 0.06365740740740741
1 0.966796875 0.9288194444444444 0.036458333333333336 0.06365740740740741
1 0.96826171875 0.9684606481481481 0.0380859375 0.050347222222222224
1 0.9357096354166666 0.9733796296296297 0.037434895833333336 0.052083333333333336
1 0.8645833333333334 0.9363425925925926 0.09114583333333333 0.1261574074074074
1 0.7980143229166666 0.9658564814814815 0.056966145833333336 0.06712962962962964
1 0.7511393229166666 0.9728009259259259 0.048502604166666664 0.05324074074074074
1 0.7473958333333334 0.9253472222222222 0.054036458333333336 0.08333333333333333
1 0.7879231770833334 0.8857060185185185 0.043294270833333336 0.07928240740740741
1 0.8199869791666666 0.8645833333333334 0.04296875 0.0787037037037037
1 0.7332356770833334 0.8576388888888888 0.0439453125 0.0798611111111111
1 0.767578125 0.8342013888888888 0.053385416666666664 0.078125
1 0.7281901041666666 0.7902199074074074 0.046875 0.08043981481481481
1 0.75927734375 0.7841435185185185 0.046549479166666664 0.07407407407407407
1 0.80859375 0.7890625 0.06380208333333333 0.08043981481481481
1 0.4783528645833333 0.9450231481481481 0.06282552083333333 0.06597222222222222
1 0.5558268229166666 0.9560185185185185 0.058919270833333336 0.08333333333333333
1 0.5955403645833334 0.9467592592592593 0.055013020833333336 0.059027777777777776
1 0.6394856770833334 0.9516782407407407 0.034830729166666664 0.0954861111111111
1 0.6944986979166666 0.9644097222222222 0.053059895833333336 0.07002314814814815
1 0.689453125 0.8423032407407407 0.034505208333333336 0.10243055555555555
1 0.66357421875 0.8871527777777778 0.0322265625 0.09606481481481481
1 0.5880533854166666 0.9027777777777778 0.055013020833333336 0.06481481481481481
1 0.6298828125 0.9010416666666666 0.036458333333333336 0.059027777777777776
1 0.5476888020833334 0.9024884259259259 0.041341145833333336 0.09085648148148148
1 0.5135091145833334 0.9030671296296297 0.0498046875 0.08275462962962964
1 0.47265625 0.8903356481481481 0.041666666666666664 0.05497685185185185
1 0.4679361979166667 0.8480902777777778 0.0419921875 0.08738425925925926
1 0.4988606770833333 0.8385416666666666 0.0498046875 0.08217592592592593
1 0.5341796875 0.7974537037037037 0.06380208333333333 0.061342592592592594
1 0.5525716145833334 0.8466435185185185 0.047200520833333336 0.06365740740740741
1 0.5877278645833334 0.8252314814814815 0.033528645833333336 0.12152777777777778
1 0.6121419270833334 0.7954282407407407 0.030924479166666668 0.09664351851851852
1 0.65380859375 0.8480902777777778 0.0478515625 0.057291666666666664
1 0.65234375 0.8101851851851852 0.044921875 0.04398148148148148
1 0.4873046875 0.7769097222222222 0.030598958333333332 0.06655092592592593
1 0.5804036458333334 0.7757523148148148 0.042317708333333336 0.05844907407407408
1 0.63720703125 0.7745949074074074 0.0361328125 0.05960648148148148
1 0.6764322916666666 0.7789351851851852 0.035807291666666664 0.06481481481481481
0 0.6622721354166666 0.2560763888888889 0.0673828125 0.08854166666666667
0 0.9319661458333334 0.24797453703703703 0.08528645833333333 0.10706018518518519
0 0.6949869791666666 0.7028356481481481 0.072265625 0.08043981481481481
0 0.2897135416666667 0.7037037037037037 0.07682291666666667 0.08564814814814815
