0 0.08387590961317502 0.16086124401913876 0.07302438401634112 0.04038277511961722
0 0.04449125494701902 0.0677511961722488 0.07902463934635516 0.09875598086124401
0 0.13475041491127282 0.07186602870813397 0.07059874888293119 0.1077511961722488
0 0.23764841057066258 0.07511961722488038 0.07442869909357845 0.09167464114832535
0 0.2548831865185753 0.16066985645933016 0.073662709051449 0.038851674641148325
0 0.33071620068939106 0.07818181818181819 0.073662709051449 0.1031578947368421
0 0.38956976892633727 0.16057416267942584 0.07442869909357845 0.04019138755980861
0 0.43744414655942804 0.0724401913875598 0.052470317885867486 0.10086124401913876
0 0.5178731009830205 0.07799043062200957 0.07187539895314694 0.10047846889952153
0 0.6074939359121665 0.07157894736842105 0.0731520490233627 0.08421052631578947
0 0.5744286990935784 0.1598086124401914 0.0746840291076216 0.039043062200956935
0 0.7151793693348654 0.06717703349282296 0.043661432401378784 0.10258373205741626
0 0.8024384016341121 0.07263157894736842 0.05451295799821269 0.10047846889952153
0 0.8892506064087834 0.06440191387559809 0.06370483850376611 0.1016267942583732
0 0.7890974084003575 0.15904306220095693 0.08655687476062811 0.03980861244019139
0 0.9716583684412102 0.07703349282296651 0.05642793310353632 0.08822966507177034
0 0.9654666156006638 0.15933014354066985 0.06830077875654283 0.0415311004784689
0 0.8916762415421933 0.5514832535885168 0.049661687731392824 0.03923444976076555
0 0.5873228648027575 0.551866028708134 0.08693986978169284 0.03961722488038277
0 0.5174901059619559 0.5522488038277512 0.049661687731392824 0.041913875598086126
0 0.6796884973828674 0.9483253588516747 0.07608834418485894 0.04133971291866029
0 0.3990169794459339 0.947177033492823 0.09689774032937572 0.04746411483253588
0 0.09868505042767778 0.9473684210526315 0.050810672794587 0.053205741626794256
0 0.036895187029235284 0.5538755980861244 0.04953402272437125 0.042488038277511964
1 0.046087067534788716 0.0662200956937799 0.09089748499936168 0.12976076555023924
1 0.13309076981999235 0.06593301435406698 0.09408911017490106 0.12880382775119617
1 0.23694625303204392 0.06516746411483254 0.09115281501340483 0.1295693779904306
1 0.33122686071747737 0.0660287081339713 0.08642920975360653 0.12976076555023924
1 0.42729477850121284 0.06507177033492823 0.08834418485893017 0.13014354066985645
1 0.5183837610111068 0.06497607655502392 0.08693986978169284 0.12803827751196173
1 0.6082599259542959 0.0647846889952153 0.08923783990808119 0.12880382775119617
1 0.700817056044938 0.064688995215311 0.0897484999361675 0.1278468899521531
1 0.7947146687093067 0.06535885167464114 0.09013149495723222 0.1295693779904306
1 0.886058981233244 0.06507177033492823 0.0887271798799949 0.12861244019138757
1 0.9656581131111962 0.06535885167464114 0.0679177837354781 0.12880382775119617
1 0.06325801097919061 0.4697607655502392 0.12651602195838121 0.09244019138755981
1 0.17196476445806205 0.37023923444976076 0.1378782075833014 0.11004784688995216
1 0.17917783735478104 0.4709090909090909 0.13264394229541682 0.09129186602870813
1 0.3184603600153198 0.46870813397129185 0.12421805183199285 0.095311004784689
1 0.4362313289927231 0.2720574162679426 0.1291969871058343 0.1077511961722488
1 0.4394229541682625 0.3766507177033493 0.12766500702157538 0.09952153110047847
1 0.4419124218051832 0.47167464114832536 0.1260053619302949 0.09129186602870813
1 0.5672794587003702 0.37358851674641147 0.12089876164943189 0.10220095693779904
1 0.5693859313162262 0.4709090909090909 0.12000510660028087 0.09090909090909091
1 0.6867739052725648 0.374066985645933 0.12166475169156134 0.10736842105263159
1 0.6891357079024639 0.4724401913875598 0.11974977658623771 0.0878468899521531
1 0.8044172092429465 0.2703349282296651 0.12255840674071238 0.10736842105263159
1 0.8075450019149751 0.37397129186602873 0.12064343163538874 0.09952153110047847
1 0.80875781948168 0.4698564593301435 0.11974977658623771 0.09186602870813397
1 0.9292735861100473 0.27215311004784687 0.12204774671262607 0.11368421052631579
1 0.873420145538108 0.28622009569377993 0.036384527001148984 0.08210526315789474
1 0.9300395761521767 0.37722488038277513 0.12255840674071238 0.09837320574162679
1 0.9302310736627091 0.471866028708134 0.12089876164943189 0.08937799043062201
1 0.04442742244350823 0.6687081339712919 0.08885484488701646 0.1320574162679426
1 0.045704072513723985 0.7642105263157895 0.09140814502744797 0.12248803827751197
1 0.09300395761521767 0.7320574162679426 0.05272564789991063 0.10909090909090909
1 0.04723605259798289 0.8599043062200957 0.09421677518192263 0.11444976076555025
1 0.09862121792416699 0.8336842105263158 0.04940635771734968 0.09454545454545454
1 0.15332567343291204 0.6589473684210526 0.14068683773777607 0.11253588516746411
1 0.15958125877696924 0.7601913875598086 0.13251627728839524 0.12019138755980861
1 0.1618153963998468 0.8591387559808612 0.13162262223924423 0.11789473684210526
1 0.2215626196859441 0.7942583732057417 0.03893782714158049 0.05014354066985646
1 0.3125877696923273 0.6440191387559808 0.11962211157921614 0.10488038277511962
1 0.30735350440444276 0.7370334928229665 0.1234520617898634 0.10909090909090909
1 0.28654410825992593 0.8581818181818182 0.13775054257627983 0.11712918660287082
1 0.42308183326950083 0.6652631578947369 0.12204774671262607 0.11712918660287082
1 0.42461381335375975 0.763444976076555 0.12051576662836716 0.11291866028708133
1 0.42442231584322737 0.8595215311004785 0.12089876164943189 0.11406698564593301
1 0.540916634750415 0.6604784688995216 0.11974977658623771 0.11559808612440191
1 0.5488318651857526 0.762200956937799 0.11745180645984936 0.11502392344497607
1 0.5494701902208604 0.8630622009569378 0.12153708668453976 0.11349282296650717
1 0.6620068939103791 0.6626794258373205 0.12319673177582025 0.11578947368421053
1 0.669858291842206 0.7618181818181818 0.11949444657219456 0.11617224880382775
1 0.672283926975616 0.8625837320574162 0.12051576662836716 0.11177033492822966
1 0.79254436358994 0.8642105263157894 0.12153708668453976 0.1123444976076555
1 0.7865441082599259 0.7606698564593302 0.1182177965019788 0.11770334928229666
1 0.7795863653772501 0.6370334928229665 0.1037916507085408 0.08478468899521531
1 0.927550108515256 0.7635406698564593 0.12881399208476957 0.11349282296650717
1 0.9299757436486659 0.8636363636363636 0.12957998212689903 0.11043062200956938
1 0.9760628111834546 0.644688995215311 0.047619047619047616 0.09358851674641148
1 0.9828928890591089 0.7311004784688995 0.0326822417975233 0.1029665071770335
1 0.9844887016468786 0.7951196172248803 0.030511936678156517 0.06028708133971292
1 0.907698199923401 0.734354066985646 0.10902591599642537 0.10411483253588517
