1 0.3349454365079365 0.4599867724867725 0.05530753968253968 0.06878306878306878
1 0.35143849206349204 0.5252976190476191 0.0496031746031746 0.06646825396825397
1 0.42671130952380953 0.5171957671957672 0.04538690476190476 0.06084656084656084
1 0.45982142857142855 0.5107473544973545 0.040674603174603176 0.05654761904761905
1 0.42212301587301587 0.4255952380952381 0.03869047619047619 0.025793650793650792
1 0.08804563492063493 0.8546626984126984 0.07936507936507936 0.08895502645502645
1 0.03869047619047619 0.9274140211640212 0.0763888888888889 0.09292328042328042
1 0.03236607142857143 0.7891865079365079 0.06473214285714286 0.08961640211640212
1 0.1650545634920635 0.8258928571428571 0.06870039682539683 0.08498677248677249
1 0.2767857142857143 0.75380291005291 0.06299603174603174 0.08101851851851852
1 0.2197420634920635 0.7797619047619048 0.06398809523809523 0.08134920634920635
1 0.2041170634920635 0.8581349206349206 0.060515873015873016 0.07936507936507936
1 0.053323412698412696 0.7488425925925926 0.06101190476190476 0.049933862433862435
1 0.06634424603174603 0.8096891534391535 0.06721230158730158 0.0763888888888889
1 0.22854662698412698 0.7098214285714286 0.05580357142857143 0.06514550264550265
1 0.10949900793650794 0.7367724867724867 0.043402777777777776 0.05952380952380952
1 0.2586805555555556 0.6942791005291006 0.03521825396825397 0.049933862433862435
1 0.1888640873015873 0.750165343915344 0.04985119047619048 0.06514550264550265
1 0.009672619047619048 0.2620701058201058 0.018849206349206348 0.07837301587301587
1 0.050595238095238096 0.2604166666666667 0.07490079365079365 0.07506613756613757
1 0.031374007936507936 0.18931878306878308 0.06125992063492063 0.08035714285714286
1 0.2173859126984127 0.16071428571428573 0.056299603174603176 0.06415343915343916
1 0.388640873015873 0.2888558201058201 0.04712301587301587 0.06316137566137567
1 0.4253472222222222 0.291005291005291 0.04563492063492063 0.06415343915343916
1 0.46068948412698413 0.29580026455026454 0.03993055555555555 0.05853174603174603
1 0.3759920634920635 0.22569444444444445 0.044642857142857144 0.06911375661375661
1 0.35044642857142855 0.7266865079365079 0.051587301587301584 0.06580687830687831
1 0.42683531746031744 0.6984126984126984 0.0441468253968254 0.06481481481481481
1 0.4366319444444444 0.7600859788359788 0.043402777777777776 0.06183862433862434
1 0.3897569444444444 0.7111441798941799 0.048859126984126984 0.06712962962962964
1 0.46081349206349204 0.6879960317460317 0.04265873015873016 0.06316137566137567
1 0.4037698412698413 0.6656746031746031 0.03670634920634921 0.03571428571428571
1 0.4361359126984127 0.65625 0.03844246031746032 0.035383597883597885
1 0.4601934523809524 0.6238425925925926 0.031001984126984128 0.040013227513227514
1 0.3446180555555556 0.6608796296296297 0.03249007936507937 0.026785714285714284
1 0.37983630952380953 0.6501322751322751 0.03249007936507937 0.02447089947089947
1 0.4154265873015873 0.6412037037037037 0.028273809523809524 0.02513227513227513
1 0.5031001984126984 0.7233796296296297 0.03298611111111111 0.04861111111111111
1 0.4937996031746032 0.6808862433862434 0.030753968253968252 0.04365079365079365
1 0.5275297619047619 0.7299933862433863 0.026785714285714284 0.045304232804232805
1 0.5171130952380952 0.6909722222222222 0.020337301587301588 0.04332010582010582
1 0.5368303571428571 0.6956018518518519 0.025049603174603176 0.04133597883597884
1 0.5554315476190477 0.7202380952380952 0.027529761904761904 0.042328042328042326
1 0.5758928571428571 0.7144510582010583 0.028769841269841268 0.035383597883597885
1 0.5714285714285714 0.6820436507936508 0.03273809523809524 0.04265873015873016
1 0.4990079365079365 0.6345899470899471 0.016865079365079364 0.0291005291005291
1 0.6060267857142857 0.6448412698412699 0.03695436507936508 0.05026455026455026
1 0.5822172619047619 0.6207010582010583 0.035962301587301584 0.042328042328042326
1 0.6292162698412699 0.6355820105820106 0.030753968253968252 0.04828042328042328
1 0.6199156746031746 0.6868386243386243 0.02703373015873016 0.046957671957671955
1 0.6400049603174603 0.6793981481481481 0.03149801587301587 0.05191798941798942
1 0.6480654761904762 0.6283068783068783 0.029265873015873016 0.04894179894179894
1 0.6617063492063492 0.6703042328042328 0.032242063492063495 0.05291005291005291
1 0.6696428571428571 0.625165343915344 0.027777777777777776 0.04728835978835979
1 0.6060267857142857 0.6066468253968254 0.03149801587301587 0.0248015873015873
1 0.623015873015873 0.5980489417989417 0.02976190476190476 0.027447089947089946
1 0.6442212301587301 0.5965608465608465 0.027529761904761904 0.022486772486772486
1 0.6827876984126984 0.6626984126984127 0.02628968253968254 0.041005291005291
1 0.7038690476190477 0.6570767195767195 0.025297619047619048 0.042328042328042326
1 0.7026289682539683 0.6172288359788359 0.03125 0.035383597883597885
1 0.7198660714285714 0.6506283068783069 0.023561507936507936 0.040013227513227514
1 0.7344990079365079 0.6243386243386243 0.028521825396825396 0.037698412698412696
1 0.7127976190476191 0.5963955026455027 0.030753968253968252 0.035383597883597885
1 0.6641865079365079 0.5815145502645502 0.022817460317460316 0.02546296296296296
1 0.6478174603174603 0.5853174603174603 0.024305555555555556 0.01917989417989418
1 0.6840277777777778 0.5967261904761905 0.022321428571428572 0.021494708994708994
1 0.7395833333333334 0.6006944444444444 0.021825396825396824 0.028769841269841268
1 0.7198660714285714 0.5793650793650794 0.021577380952380952 0.021164021164021163
1 0.7548363095238095 0.6362433862433863 0.018105158730158732 0.03571428571428571
1 0.4929315476190476 0.4912367724867725 0.03050595238095238 0.05257936507936508
1 0.47867063492063494 0.453042328042328 0.03125 0.046296296296296294
1 0.5300099206349206 0.4384920634920635 0.028273809523809524 0.03902116402116402
1 0.4939236111111111 0.4176587301587302 0.028025793650793652 0.03505291005291005
1 0.5186011904761905 0.4125330687830688 0.027777777777777776 0.02546296296296296
1 0.5465029761904762 0.4307208994708995 0.025049603174603176 0.035383597883597885
1 0.5048363095238095 0.4505621693121693 0.025049603174603176 0.020833333333333332
1 0.5618799603174603 0.45006613756613756 0.018601190476190476 0.01521164021164021
1 0.6060267857142857 0.44047619047619047 0.038938492063492064 0.047619047619047616
1 0.6214037698412699 0.48677248677248675 0.03249007936507937 0.0496031746031746
1 0.5817212301587301 0.43039021164021163 0.03298611111111111 0.04398148148148148
1 0.6328125 0.4436177248677249 0.02703373015873016 0.04728835978835979
1 0.6434771825396826 0.4871031746031746 0.028025793650793652 0.04497354497354497
1 0.6493055555555556 0.43683862433862436 0.03521825396825397 0.05026455026455026
1 0.6623263888888888 0.48214285714285715 0.030009920634920636 0.0496031746031746
1 0.6746031746031746 0.4384920634920635 0.025297619047619048 0.04828042328042328
1 0.683655753968254 0.48148148148148145 0.024057539682539684 0.04365079365079365
1 0.6276041666666666 0.4146825396825397 0.023561507936507936 0.016534391534391533
1 0.6067708333333334 0.41650132275132273 0.024057539682539684 0.01488095238095238
1 0.7048611111111112 0.4783399470899471 0.026785714285714284 0.045965608465608467
1 0.7211061507936508 0.47354497354497355 0.02703373015873016 0.041666666666666664
1 0.7251984126984127 0.45205026455026454 0.030753968253968252 0.046957671957671955
1 0.7503720238095238 0.47271825396825395 0.028521825396825396 0.04133597883597884
1 0.689484126984127 0.4384920634920635 0.014384920634920634 0.03571428571428571
1 0.6996527777777778 0.4376653439153439 0.023313492063492064 0.03935185185185185
1 0.7321428571428571 0.4340277777777778 0.030753968253968252 0.03736772486772487
1 0.7163938492063492 0.4123677248677249 0.019593253968253968 0.017857142857142856
1 0.7018849206349206 0.4181547619047619 0.024305555555555556 0.02546296296296296
1 0.8284970238095238 0.41782407407407407 0.02554563492063492 0.04332010582010582
1 0.8638392857142857 0.4523809523809524 0.017361111111111112 0.021825396825396824
1 0.8846726190476191 0.4505621693121693 0.025297619047619048 0.028769841269841268
1 0.9097222222222222 0.44907407407407407 0.014384920634920634 0.026455026455026454
1 0.9213789682539683 0.4174933862433862 0.016865079365079364 0.027447089947089946
1 0.9143105158730159 0.3950066137566138 0.027529761904761904 0.012896825396825396
1 0.9262152777777778 0.44494047619047616 0.01711309523809524 0.028769841269841268
1 0.9332837301587301 0.416005291005291 0.011904761904761904 0.02513227513227513
1 0.9418402777777778 0.4417989417989418 0.016617063492063492 0.028439153439153438
1 0.9412202380952381 0.4107142857142857 0.020337301587301588 0.027777777777777776
1 0.955109126984127 0.4363425925925926 0.02132936507936508 0.02943121693121693
1 0.9658978174603174 0.43584656084656087 0.016617063492063492 0.031746031746031744
1 0.9723462301587301 0.4290674603174603 0.023561507936507936 0.034722222222222224
1 0.9931795634920635 0.4027777777777778 0.012648809523809524 0.017857142857142856
1 0.9930555555555556 0.4252645502645503 0.013888888888888888 0.023148148148148147
1 0.9766865079365079 0.41005291005291006 0.018353174603174604 0.018518518518518517
1 0.9564732142857143 0.40591931216931215 0.017609126984126984 0.0248015873015873
1 0.9682539682539683 0.390542328042328 0.017857142857142856 0.01455026455026455
1 0.9872271825396826 0.38756613756613756 0.014632936507936508 0.009259259259259259
1 0.9885912698412699 0.4348544973544973 0.010912698412698412 0.021825396825396824
1 0.5771329365079365 0.2468584656084656 0.027281746031746032 0.0248015873015873
1 0.6049107142857143 0.2622354497354497 0.040674603174603176 0.05291005291005291
1 0.6148313492063492 0.30968915343915343 0.023313492063492064 0.045304232804232805
1 0.6371527777777778 0.31117724867724866 0.03125 0.04365079365079365
1 0.6604662698412699 0.31415343915343913 0.028769841269841268 0.04431216931216931
1 0.6799355158730159 0.3169642857142857 0.025049603174603176 0.04265873015873016
1 0.6298363095238095 0.2638888888888889 0.02703373015873016 0.05423280423280423
1 0.6491815476190477 0.26951058201058203 0.024057539682539684 0.0496031746031746
1 0.6675347222222222 0.27199074074074076 0.02554563492063492 0.045965608465608467
0 0.14186507936507936 0.03141534391534392 0.05853174603174603 0.05489417989417989
0 0.3531746031746032 0.08812830687830688 0.044642857142857144 0.04265873015873016
0 0.5075644841269841 0.13260582010582012 0.031994047619047616 0.03373015873015873
0 0.6316964285714286 0.16997354497354497 0.021825396825396824 0.031084656084656083
0 0.7256944444444444 0.17427248677248677 0.049107142857142856 0.06613756613756613
0 0.7925347222222222 0.21197089947089948 0.01711309523809524 0.021825396825396824
0 0.8541666666666666 0.22933201058201058 0.014384920634920634 0.021494708994708994
0 0.8954613095238095 0.2414021164021164 0.012152777777777778 0.016534391534391533
0 0.9295634920634921 0.25033068783068785 0.008928571428571428 0.013227513227513227
0 0.9652777777777778 0.26091269841269843 0.008432539682539682 0.013888888888888888
0 0.9924355158730159 0.2683531746031746 0.00818452380952381 0.011574074074074073
0 0.39099702380952384 0.3549933862433862 0.04241071428571429 0.03273809523809524
0 0.5198412698412699 0.5646494708994709 0.030753968253968252 0.0248015873015873
0 0.6382688492063492 0.5462962962962963 0.016121031746031748 0.021825396825396824
0 0.6313244047619048 0.3609457671957672 0.0220734126984127 0.0248015873015873
0 0.7280505952380952 0.34755291005291006 0.04985119047619048 0.047619047619047616
0 0.7869543650793651 0.3630952380952381 0.013392857142857142 0.017857142857142856
0 0.8923611111111112 0.36326058201058203 0.009424603174603174 0.01488095238095238
0 0.9280753968253969 0.3635912698412698 0.011408730158730158 0.010912698412698412
0 0.9654017857142857 0.3644179894179894 0.008680555555555556 0.011243386243386243
0 0.9926835317460317 0.36507936507936506 0.00818452380952381 0.010582010582010581
0 0.9921875 0.4634589947089947 0.007688492063492063 0.011574074074074073
0 0.962921626984127 0.47040343915343913 0.009672619047619048 0.012896825396825396
0 0.892609126984127 0.48462301587301587 0.008928571428571428 0.013558201058201057
0 0.8505704365079365 0.48660714285714285 0.03794642857142857 0.04398148148148148
0 0.7881944444444444 0.5092592592592593 0.015873015873015872 0.01984126984126984
0 0.5474950396825397 0.7809193121693122 0.03050595238095238 0.03406084656084656
0 0.6371527777777778 0.7400793650793651 0.018849206349206348 0.027777777777777776
0 0.7251984126984127 0.7007275132275133 0.018849206349206348 0.023809523809523808
0 0.8406498015873016 0.6441798941798942 0.01314484126984127 0.018518518518518517
0 0.8696676587301587 0.6291335978835979 0.01066468253968254 0.016865079365079364
0 0.9613095238095238 0.5846560846560847 0.00744047619047619 0.015873015873015872
0 0.7679811507936508 0.9348544973544973 0.0339781746031746 0.02976190476190476
0 0.9456845238095238 0.7584325396825397 0.0496031746031746 0.036044973544973546
1 0.7006448412698413 0.31630291005291006 0.02628968253968254 0.03869047619047619
1 0.720734126984127 0.31812169312169314 0.025793650793650792 0.03571428571428571
1 0.7485119047619048 0.3201058201058201 0.027281746031746032 0.037698412698412696
1 0.7234623015873016 0.2896825396825397 0.028769841269841268 0.03505291005291005
1 0.7399553571428571 0.2791005291005291 0.028521825396825396 0.03835978835978836
1 0.6791914682539683 0.25992063492063494 0.019097222222222224 0.03306878306878307
1 0.7599206349206349 0.2865410052910053 0.017857142857142856 0.0333994708994709
1 0.7839781746031746 0.320271164021164 0.024305555555555556 0.0333994708994709
1 0.8013392857142857 0.3245701058201058 0.021825396825396824 0.0333994708994709
1 0.8152281746031746 0.3263888888888889 0.01984126984126984 0.03373015873015873
1 0.7744295634920635 0.28869047619047616 0.018105158730158732 0.03306878306878307
1 0.8040674603174603 0.29282407407407407 0.018849206349206348 0.02943121693121693
1 0.8185763888888888 0.29216269841269843 0.018601190476190476 0.034722222222222224
1 0.8391617063492064 0.29828042328042326 0.024553571428571428 0.031746031746031744
1 0.8328373015873016 0.32589285714285715 0.017857142857142856 0.03207671957671958
1 0.8479662698412699 0.3273809523809524 0.01984126984126984 0.031746031746031744
1 0.8654513888888888 0.3296957671957672 0.020089285714285716 0.02976190476190476
1 0.857390873015873 0.30357142857142855 0.020337301587301588 0.037037037037037035
1 0.8255208333333334 0.27529761904761907 0.023561507936507936 0.021494708994708994
1 0.8722718253968254 0.29811507936507936 0.023313492063492064 0.0333994708994709
1 0.8849206349206349 0.3020833333333333 0.010416666666666666 0.03009259259259259
1 0.9255952380952381 0.30671296296296297 0.015873015873015872 0.0248015873015873
1 0.9300595238095238 0.3333333333333333 0.011408730158730158 0.023809523809523808
1 0.9542410714285714 0.3265542328042328 0.014136904761904762 0.018849206349206348
1 0.9636656746031746 0.3323412698412698 0.013640873015873016 0.031746031746031744
1 0.9732142857142857 0.33382936507936506 0.010912698412698412 0.026785714285714284
1 0.9740823412698413 0.3149801587301587 0.016121031746031748 0.023478835978835978
1 0.9945436507936508 0.33978174603174605 0.00992063492063492 0.02017195767195767
1 0.7821180555555556 0.5810185185185185 0.02554563492063492 0.036375661375661374
1 0.7410714285714286 0.5778769841269841 0.025297619047619048 0.03273809523809524
1 0.7559523809523809 0.564318783068783 0.020337301587301588 0.020833333333333332
1 0.7967509920634921 0.5767195767195767 0.024057539682539684 0.03835978835978836
1 0.8168402777777778 0.5982142857142857 0.02554563492063492 0.037698412698412696
1 0.8928571428571429 0.5707671957671958 0.026785714285714284 0.021164021164021163
1 0.9055059523809523 0.5669642857142857 0.018353174603174604 0.017526455026455025
1 0.8999255952380952 0.5436507936507936 0.020089285714285716 0.032407407407407406
1 0.9113343253968254 0.5401785714285714 0.016121031746031748 0.030753968253968252
1 0.9308035714285714 0.5004960317460317 0.02628968253968254 0.028108465608465607
1 0.9507688492063492 0.5431547619047619 0.023065476190476192 0.016865079365079364
1 0.9226190476190477 0.5600198412698413 0.012896825396825396 0.016865079365079364
1 0.4861111111111111 0.08382936507936507 0.027281746031746032 0.044642857142857144
1 0.6014384920634921 0.07390873015873016 0.039186507936507936 0.0539021164021164
1 0.5699404761904762 0.9396494708994709 0.21726190476190477 0.12003968253968254
1 0.8138640873015873 0.7058531746031746 0.0920138888888889 0.08101851851851852
1 0.9866071428571429 0.6669973544973545 0.026785714285714284 0.06746031746031746
1 0.31212797619047616 0.44659391534391535 0.034970238095238096 0.05853174603174603
1 0.8097718253968254 0.751818783068783 0.062003968253968256 0.04794973544973545
1 0.13988095238095238 0.5682870370370371 0.05704365079365079 0.07903439153439154
1 0.7594246031746031 0.4103835978835979 0.011408730158730158 0.01455026455026455
1 0.2560763888888889 0.8343253968253969 0.053323412698412696 0.07605820105820106
1 0.30257936507936506 0.8141534391534392 0.05109126984126984 0.08068783068783068
1 0.13566468253968253 0.7847222222222222 0.06845238095238096 0.07804232804232804
1 0.15240575396825398 0.7061838624338624 0.06473214285714286 0.07572751322751323
1 0.12562003968253968 0.2698412698412698 0.054811507936507936 0.07738095238095238
1 0.13516865079365079 0.21246693121693122 0.06696428571428571 0.08101851851851852
1 0.19754464285714285 0.22056878306878308 0.061755952380952384 0.07407407407407407
1 0.25111607142857145 0.23330026455026456 0.05282738095238095 0.06911375661375661
1 0.2109375 0.18518518518518517 0.05580357142857143 0.05357142857142857
1 0.15873015873015872 0.18766534391534392 0.04513888888888889 0.04662698412698413
1 0.9838789682539683 0.3166335978835979 0.010912698412698412 0.021494708994708994
1 0.9930555555555556 0.3169642857142857 0.013392857142857142 0.020833333333333332
1 0.8025793650793651 0.6144179894179894 0.030753968253968252 0.041666666666666664
1 0.8055555555555556 0.564484126984127 0.025297619047619048 0.03571428571428571
1 0.8606150793650794 0.6091269841269841 0.0 0.0
1 0.8483382936507936 0.5909391534391535 0.023561507936507936 0.03968253968253968
1 0.8521825396825397 0.5593584656084656 0.018849206349206348 0.03869047619047619
1 0.9603174603174603 0.5206679894179894 0.019345238095238096 0.028108465608465607
1 0.9461805555555556 0.5238095238095238 0.02132936507936508 0.028439153439153438
1 0.9797867063492064 0.5014880952380952 0.024057539682539684 0.026124338624338623
1 0.8346974206349206 0.5305886243386243 0.021577380952380952 0.02546296296296296
1 0.6944444444444444 0.5770502645502645 0.028273809523809524 0.025793650793650792
1 0.5218253968253969 0.6198743386243386 0.02976190476190476 0.040013227513227514
1 0.5648561507936508 0.6451719576719577 0.03794642857142857 0.03439153439153439
1 0.5896577380952381 0.6752645502645502 0.029017857142857144 0.041005291005291
1 0.5482390873015873 0.6243386243386243 0.025049603174603176 0.032407407407407406
1 0.15500992063492064 0.4894179894179894 0.07490079365079365 0.08862433862433862
1 0.21515376984126985 0.4879298941798942 0.056299603174603176 0.0744047619047619
1 0.2646329365079365 0.48561507936507936 0.052083333333333336 0.06580687830687831
1 0.41282242063492064 0.4580026455026455 0.04290674603174603 0.062169312169312166
1 0.44853670634920634 0.45436507936507936 0.04241071428571429 0.06084656084656084
1 0.021701388888888888 0.45949074074074076 0.04241071428571429 0.03670634920634921
1 0.45610119047619047 0.4203042328042328 0.025793650793650792 0.028439153439153438
1 0.3607390873015873 0.7855489417989417 0.04935515873015873 0.06779100529100529
1 0.404265873015873 0.7744708994708994 0.042162698412698416 0.06878306878306878
1 0.013020833333333334 0.8581349206349206 0.02554563492063492 0.08068783068783068
1 0.2821180555555556 0.28075396825396826 0.04935515873015873 0.06084656084656084
1 0.2326388888888889 0.27976190476190477 0.05406746031746032 0.06084656084656084
1 0.09089781746031746 0.20122354497354497 0.051835317460317464 0.06382275132275132
1 0.46577380952380953 0.2526455026455027 0.013888888888888888 0.0291005291005291
1 0.4791666666666667 0.22718253968253968 0.036210317460317464 0.046296296296296294
1 0.4949156746031746 0.26884920634920634 0.03844246031746032 0.05092592592592592
1 0.5028521825396826 0.30869708994708994 0.031001984126984128 0.040013227513227514
1 0.5255456349206349 0.2736441798941799 0.033234126984126984 0.04861111111111111
1 0.5209573412698413 0.2369378306878307 0.0339781746031746 0.03869047619047619
1 0.5505952380952381 0.27380952380952384 0.03373015873015873 0.05555555555555555
1 0.527281746031746 0.3125 0.020833333333333332 0.03373015873015873
1 0.5512152777777778 0.30968915343915343 0.028025793650793652 0.03406084656084656
1 0.5792410714285714 0.3063822751322751 0.03050595238095238 0.03736772486772487
1 0.5112847222222222 0.22073412698412698 0.03249007936507937 0.03736772486772487
1 0.5466269841269841 0.6610449735449735 0.030753968253968252 0.041005291005291
1 0.5163690476190477 0.6514550264550265 0.029265873015873016 0.046957671957671955
1 0.4852430555555556 0.6516203703703703 0.029513888888888888 0.035383597883597885
1 0.4595734126984127 0.6514550264550265 0.018353174603174604 0.017857142857142856
1 0.017361111111111112 0.49933862433862436 0.03373015873015873 0.08068783068783068
1 0.18117559523809523 0.2759589947089947 0.06671626984126984 0.06845238095238096
1 0.9624255952380952 0.6197089947089947 0.05381944444444445 0.05026455026455026
1 0.9417162698412699 0.33548280423280424 0.015376984126984126 0.023478835978835978
1 0.9507688492063492 0.3090277777777778 0.020089285714285716 0.01951058201058201
1 0.9568452380952381 0.2962962962962963 0.015376984126984126 0.011243386243386243
1 0.7833581349206349 0.6215277777777778 0.031994047619047616 0.04265873015873016
1 0.7729414682539683 0.5596891534391535 0.015625 0.018187830687830687
1 0.7826140873015873 0.5552248677248677 0.01314484126984127 0.016534391534391533
1 0.7201140873015873 0.562665343915344 0.02058531746031746 0.021494708994708994
1 0.7423115079365079 0.5539021164021164 0.026785714285714284 0.022486772486772486
1 0.9613095238095238 0.5408399470899471 0.020833333333333332 0.018849206349206348
1 0.6029265873015873 0.11375661375661375 0.022321428571428572 0.04828042328042328
1 0.9151785714285714 0.19031084656084657 0.00992063492063492 0.028769841269841268
1 0.707093253968254 0.8827711640211641 0.1433531746031746 0.12797619047619047
1 0.8298611111111112 0.5720899470899471 0.027281746031746032 0.032407407407407406
1 0.8634672619047619 0.5871362433862434 0.020089285714285716 0.03935185185185185
1 0.8293650793650794 0.5497685185185185 0.029265873015873016 0.03207671957671958
1 0.8843005952380952 0.5284391534391535 0.024057539682539684 0.017857142857142856
1 0.9035218253968254 0.5127314814814815 0.022817460317460316 0.03141534391534392
1 0.9212549603174603 0.5367063492063492 0.01711309523809524 0.03306878306878307
1 0.9717261904761905 0.535218253968254 0.015873015873015872 0.018187830687830687
1 0.9330357142857143 0.5264550264550265 0.018849206349206348 0.027777777777777776
1 0.9791666666666666 0.5180224867724867 0.023809523809523808 0.022817460317460316
1 0.3733878968253968 0.03835978835978836 0.04141865079365079 0.061507936507936505
1 0.4459325396825397 0.05803571428571429 0.04117063492063492 0.06183862433862434
1 0.4185267857142857 0.01488095238095238 0.040426587301587304 0.02976190476190476
1 0.37822420634920634 0.009093915343915343 0.03670634920634921 0.016865079365079364
1 0.5130208333333334 0.06398809523809523 0.03249007936507937 0.04662698412698413
1 0.5163690476190477 0.0291005291005291 0.030257936507936508 0.037037037037037035
1 0.6324404761904762 0.0818452380952381 0.02976190476190476 0.049933862433862435
1 0.6703869047619048 0.13525132275132276 0.025297619047619048 0.04298941798941799
1 0.7132936507936508 0.11970899470899471 0.02976190476190476 0.03505291005291005
1 0.7612847222222222 0.13475529100529102 0.028521825396825396 0.03141534391534392
1 0.8840525793650794 0.7615740740740741 0.07614087301587301 0.11574074074074074
1 0.6493055555555556 0.13078703703703703 0.028273809523809524 0.04794973544973545
1 0.6834077380952381 0.11193783068783068 0.034970238095238096 0.040013227513227514
1 0.6884920634920635 0.1423611111111111 0.024305555555555556 0.03736772486772487
1 0.8311011904761905 0.16319444444444445 0.017857142857142856 0.026124338624338623
1 0.8650793650793651 0.15244708994708994 0.026785714285714284 0.031084656084656083
1 0.8800843253968254 0.18138227513227514 0.026041666666666668 0.026785714285714284
1 0.9133184523809523 0.21461640211640212 0.012152777777777778 0.0291005291005291
1 0.986359126984127 0.21908068783068782 0.011904761904761904 0.0248015873015873
1 0.7005208333333334 0.8017526455026455 0.11433531746031746 0.12003968253968254
1 0.9177827380952381 0.6975859788359788 0.08010912698412699 0.08763227513227513
1 0.07192460317460317 0.5701058201058201 0.0744047619047619 0.08597883597883597
1 0.0662202380952381 0.4871031746031746 0.07192460317460317 0.08002645502645503
1 0.019593253968253968 0.5848214285714286 0.03819444444444445 0.08366402116402116
1 0.19680059523809523 0.5573743386243386 0.057787698412698416 0.0763888888888889
1 0.24714781746031747 0.5486111111111112 0.053323412698412696 0.07341269841269842
1 0.25818452380952384 0.44146825396825395 0.05952380952380952 0.062169312169312166
1 0.20907738095238096 0.44775132275132273 0.046130952380952384 0.04365079365079365
1 0.29389880952380953 0.5431547619047619 0.04861111111111111 0.06712962962962964
1 0.3776041666666667 0.4581679894179894 0.043402777777777776 0.06712962962962964
1 0.39012896825396826 0.5224867724867724 0.04117063492063492 0.056878306878306875
1 0.07626488095238096 0.1701388888888889 0.04141865079365079 0.02943121693121693
1 0.33469742063492064 0.22156084656084657 0.051835317460317464 0.07208994708994709
1 0.35131448412698413 0.28604497354497355 0.038938492063492064 0.061507936507936505
1 0.4134424603174603 0.2273478835978836 0.043154761904761904 0.06514550264550265
1 0.44556051587301587 0.23892195767195767 0.027529761904761904 0.05787037037037037
1 0.3039434523809524 0.210978835978836 0.03447420634920635 0.05357142857142857
1 0.28149801587301587 0.2048611111111111 0.018353174603174604 0.034722222222222224
1 0.5771329365079365 0.2705026455026455 0.027777777777777776 0.052248677248677246
1 0.5432787698412699 0.2294973544973545 0.027529761904761904 0.042328042328042326
1 0.4729662698412698 0.7438822751322751 0.03968253968253968 0.059854497354497355
1 0.328125 0.7000661375661376 0.049107142857142856 0.05886243386243386
1 0.3671875 0.6759259259259259 0.041914682539682536 0.03835978835978836
1 0.3062996031746032 0.6770833333333334 0.039186507936507936 0.0419973544973545
0 0.794890873015873 0.6628637566137566 0.015873015873015872 0.02017195767195767
0 0.9888392857142857 0.5719246031746031 0.006944444444444444 0.013558201058201057
1 0.6958085317460317 0.28604497354497355 0.03249007936507937 0.03571428571428571
1 0.7668650793650794 0.4313822751322751 0.030753968253968252 0.0419973544973545
1 0.7881944444444444 0.4669312169312169 0.027777777777777776 0.037037037037037035
1 0.8700396825396826 0.419973544973545 0.024305555555555556 0.031084656084656083
1 0.8911210317460317 0.4184854497354497 0.022817460317460316 0.03273809523809524
1 0.9068700396825397 0.4183201058201058 0.017609126984126984 0.03042328042328042
1 0.8981894841269841 0.4487433862433862 0.017609126984126984 0.028439153439153438
1 0.8933531746031746 0.30423280423280424 0.013888888888888888 0.03042328042328042
1 0.9012896825396826 0.3002645502645503 0.015376984126984126 0.031084656084656083
1 0.9119543650793651 0.30357142857142855 0.01488095238095238 0.0291005291005291
1 0.9379960317460317 0.310515873015873 0.015873015873015872 0.026455026455026454
1 0.8909970238095238 0.33283730158730157 0.01711309523809524 0.026785714285714284
1 0.902281746031746 0.3326719576719577 0.011408730158730158 0.027116402116402115
1 0.9113343253968254 0.33349867724867727 0.01314484126984127 0.023478835978835978
1 0.9229910714285714 0.3353174603174603 0.007688492063492063 0.021825396825396824
1 0.7828621031746031 0.14153439153439154 0.019593253968253968 0.031084656084656083
1 0.7934027777777778 0.1734457671957672 0.018849206349206348 0.034722222222222224
1 0.8112599206349206 0.15393518518518517 0.018353174603174604 0.036044973544973546
1 0.8441220238095238 0.16683201058201058 0.015128968253968254 0.0248015873015873
1 0.84375 0.19345238095238096 0.017857142857142856 0.028439153439153438
1 0.8937251984126984 0.20932539682539683 0.010168650793650794 0.023809523809523808
1 0.9933035714285714 0.2435515873015873 0.011904761904761904 0.022156084656084655
1 0.9791666666666666 0.2404100529100529 0.01240079365079365 0.021825396825396824
1 0.34672619047619047 0.9517195767195767 0.24057539682539683 0.09457671957671958
1 0.8205605158730159 0.802744708994709 0.046875 0.07903439153439154
1 0.11421130952380952 0.4661044973544973 0.06225198412698413 0.08035714285714286
1 0.5282738095238095 0.48197751322751325 0.033234126984126984 0.044642857142857144
1 0.5111607142857143 0.5115740740740741 0.027777777777777776 0.037037037037037035
1 0.5421626984126984 0.5095899470899471 0.031746031746031744 0.041005291005291
1 0.5574156746031746 0.4720568783068783 0.029017857142857144 0.04332010582010582
1 0.5656001984126984 0.5051256613756614 0.0220734126984127 0.035383597883597885
1 0.5771329365079365 0.47371031746031744 0.022321428571428572 0.03869047619047619
1 0.5851934523809523 0.5023148148148148 0.023561507936507936 0.031746031746031744
1 0.5158730158730159 0.8698743386243386 0.2326388888888889 0.18882275132275134
1 0.4113343253968254 0.05092592592592592 0.03943452380952381 0.06084656084656084
1 0.2699652777777778 0.013558201058201057 0.04836309523809524 0.025793650793650792
1 0.48834325396825395 0.031084656084656083 0.034722222222222224 0.046957671957671955
1 0.5561755952380952 0.10830026455026455 0.03546626984126984 0.03869047619047619
1 0.4990079365079365 0.01207010582010582 0.030753968253968252 0.02414021164021164
1 0.5308779761904762 0.03141534391534392 0.020089285714285716 0.03835978835978836
1 0.5498511904761905 0.06514550264550265 0.021825396825396824 0.041005291005291
1 0.5682043650793651 0.06316137566137567 0.031746031746031744 0.047619047619047616
1 0.6258680555555556 0.12119708994708994 0.029017857142857144 0.04794973544973545
1 0.6555059523809523 0.09341931216931217 0.019345238095238096 0.045304232804232805
1 0.8665674603174603 0.20122354497354497 0.025297619047619048 0.034722222222222224
1 0.9029017857142857 0.21114417989417988 0.013640873015873016 0.03009259259259259
1 0.7767857142857143 0.8015873015873016 0.05109126984126984 0.10383597883597884
1 0.9040178571428571 0.18667328042328044 0.017857142857142856 0.03406084656084656
1 0.8010912698412699 0.4634589947089947 0.022321428571428572 0.03869047619047619
1 0.8172123015873016 0.45949074074074076 0.0248015873015873 0.03670634920634921
1 0.7883184523809523 0.4298941798941799 0.0220734126984127 0.037037037037037035
1 0.8038194444444444 0.42824074074074076 0.01984126984126984 0.03968253968253968
1 0.7423115079365079 0.4158399470899471 0.02132936507936508 0.023478835978835978
1 0.8091517857142857 0.39467592592592593 0.018601190476190476 0.020833333333333332
1 0.3447420634920635 0.02976190476190476 0.02976190476190476 0.056878306878306875
1 0.7974950396825397 0.1466600529100529 0.018105158730158732 0.030753968253968252
1 0.8116319444444444 0.18138227513227514 0.026537698412698412 0.036044973544973546
1 0.8503224206349206 0.42311507936507936 0.021577380952380952 0.04861111111111111
1 0.8337053571428571 0.45882936507936506 0.02058531746031746 0.034722222222222224
1 0.8510664682539683 0.45287698412698413 0.011656746031746032 0.02546296296296296
1 0.7327628968253969 0.12731481481481483 0.014632936507936508 0.03571428571428571
1 0.8841765873015873 0.5494378306878307 0.025297619047619048 0.028769841269841268
1 0.8588789682539683 0.5438161375661376 0.025297619047619048 0.027447089947089946
1 0.9300595238095238 0.5560515873015873 0.013888888888888888 0.017526455026455025
1 0.9388640873015873 0.5505952380952381 0.01711309523809524 0.018518518518518517
1 0.5393105158730159 0.06845238095238096 0.026537698412698412 0.047619047619047616
1 0.9675099206349206 0.21362433862433863 0.024305555555555556 0.028439153439153438
1 0.9634176587301587 0.22767857142857142 0.020089285714285716 0.03009259259259259
1 0.9284474206349206 0.1970899470899471 0.015128968253968254 0.022486772486772486
1 0.9246031746031746 0.21825396825396826 0.010416666666666666 0.027116402116402115
1 0.9381200396825397 0.22271825396825398 0.017609126984126984 0.02414021164021164
1 0.9409722222222222 0.19262566137566137 0.018849206349206348 0.03009259259259259
1 0.9549851190476191 0.2003968253968254 0.009672619047619048 0.023148148148148147
1 0.9471726190476191 0.22470238095238096 0.00992063492063492 0.02414021164021164
1 0.8532986111111112 0.5241402116402116 0.026041666666666668 0.017857142857142856
1 0.8556547619047619 0.1701388888888889 0.016865079365079364 0.022817460317460316
1 0.9541170634920635 0.6934523809523809 0.06547619047619048 0.06547619047619048
1 0.9345238095238095 0.640707671957672 0.06696428571428571 0.05125661375661376
1 0.7886904761904762 0.2924933862433862 0.01984126984126984 0.03009259259259259
1 0.7653769841269841 0.5891203703703703 0.030753968253968252 0.03802910052910053
1 0.9854910714285714 0.3396164021164021 0.010168650793650794 0.01984126984126984
