1 0.04090267983074753 0.0865533230293663 0.03385049365303244 0.10200927357032458
1 0.0691114245416079 0.08809891808346214 0.023977433004231313 0.09582689335394126
1 0.09449929478138223 0.0865533230293663 0.02679830747531735 0.09891808346213292
1 0.152327221438646 0.0865533230293663 0.031029619181946404 0.09582689335394126
1 0.18229901269393511 0.08500772797527048 0.028913963328631876 0.09582689335394126
1 0.21156558533145275 0.08423493044822257 0.029619181946403384 0.09428129829984544
1 0.24118476727785615 0.08423493044822257 0.029619181946403384 0.09428129829984544
1 0.27080394922425954 0.08500772797527048 0.029619181946403384 0.09582689335394126
1 0.3004231311706629 0.08346213292117466 0.029619181946403384 0.09582689335394126
1 0.33039492242595203 0.08500772797527048 0.028913963328631876 0.09582689335394126
1 0.3617771509167842 0.08423493044822257 0.03244005641748942 0.09428129829984544
1 0.39562764456981664 0.08732612055641421 0.02679830747531735 0.09119010819165378
1 0.42207334273624825 0.08732612055641421 0.02609308885754584 0.08809891808346214
1 0.5324400564174894 0.08732612055641421 0.02679830747531735 0.09119010819165378
1 0.5691114245416079 0.08732612055641421 0.02538787023977433 0.09119010819165378
1 0.6445698166431594 0.11591962905718702 0.02538787023977433 0.08346213292117466
1 0.6692524682651622 0.11591962905718702 0.023977433004231313 0.080370942812983
1 0.6921720733427362 0.11282843894899536 0.02468265162200282 0.0865533230293663
1 0.7182651622002821 0.11360123647604328 0.02468265162200282 0.08191653786707882
1 0.7436530324400564 0.1151468315301391 0.02468265162200282 0.08500772797527048
1 0.7683356840620592 0.11282843894899536 0.02468265162200282 0.0865533230293663
1 0.7937235543018336 0.11051004636785162 0.02468265162200282 0.08809891808346214
1 0.8205218617771509 0.11051004636785162 0.02609308885754584 0.09119010819165378
1 0.8444992947813822 0.1151468315301391 0.02468265162200282 0.08500772797527048
1 0.04160789844851904 0.20247295208655333 0.028208744710860368 0.08964451313755796
1 0.07052186177715092 0.20247295208655333 0.031029619181946404 0.08964451313755796
1 0.10155148095909731 0.20401854714064915 0.028208744710860368 0.08964451313755796
1 0.13081805359661494 0.20324574961360123 0.028913963328631876 0.08809891808346214
1 0.16290550070521861 0.2132921174652241 0.031029619181946404 0.08964451313755796
1 0.18723554301833567 0.21561051004636786 0.0232722143864598 0.08500772797527048
1 0.21156558533145275 0.2125193199381762 0.022566995768688293 0.09119010819165378
1 0.2351904090267983 0.21483771251931993 0.028913963328631876 0.0865533230293663
1 0.2623413258110014 0.2132921174652241 0.023977433004231313 0.08964451313755796
1 0.28314527503526093 0.20556414219474498 0.03314527503526093 0.10200927357032458
1 0.31346967559943584 0.20788253477588872 0.030324400564174896 0.1035548686244204
1 0.3441466854724965 0.21483771251931993 0.03244005641748942 0.08964451313755796
1 0.3748236953455571 0.20942812982998454 0.020451339915373765 0.10046367851622875
1 0.3998589562764457 0.2017001545595054 0.029619181946403384 0.09119010819165378
1 0.45486600846262343 0.20401854714064915 0.029619181946403384 0.0865533230293663
1 0.48272214386459805 0.2017001545595054 0.014809590973201692 0.09119010819165378
1 0.5105782792665726 0.20247295208655333 0.023977433004231313 0.08964451313755796
1 0.5655853314527504 0.2017001545595054 0.029619181946403384 0.09119010819165378
1 0.5937940761636107 0.2017001545595054 0.028208744710860368 0.09119010819165378
1 0.6195345557122708 0.2071097372488408 0.02609308885754584 0.08346213292117466
1 0.6438645980253879 0.2403400309119011 0.023977433004231313 0.07882534775888717
1 0.6685472496473907 0.23493044822256567 0.02538787023977433 0.0865533230293663
1 0.6932299012693935 0.2357032457496136 0.023977433004231313 0.08809891808346214
1 0.7665726375176305 0.23338485316846985 0.023977433004231313 0.08964451313755796
1 0.7919605077574048 0.2357032457496136 0.02538787023977433 0.08809891808346214
1 0.8177009873060649 0.23956723338485317 0.02468265162200282 0.08346213292117466
1 0.8427362482369535 0.241112828438949 0.023977433004231313 0.08346213292117466
1 0.8670662905500706 0.23802163833075735 0.027503526093088856 0.08346213292117466
1 0.04196050775740479 0.3168469860896445 0.027503526093088856 0.05564142194744977
1 0.06946403385049366 0.3176197836166924 0.028913963328631876 0.0571870170015456
1 0.09802538787023977 0.3168469860896445 0.02679830747531735 0.061823802163833076
1 0.12482369534555712 0.31530139103554866 0.02679830747531735 0.06491499227202473
1 0.1622002820874471 0.31839258114374036 0.047954866008462625 0.03709428129829984
1 0.20839210155148097 0.31298299845440497 0.04442877291960508 0.04482225656877898
1 0.307475317348378 0.3114374034003091 0.0465444287729196 0.05100463678516229
1 0.35366713681241185 0.312210200927357 0.045839210155148094 0.04945904173106646
1 0.4414668547249647 0.30525502318392583 0.028208744710860368 0.08191653786707882
1 0.47002820874471085 0.3068006182380216 0.02609308885754584 0.08191653786707882
1 0.49576868829337095 0.3075734157650695 0.028208744710860368 0.08346213292117466
1 0.5264456981664316 0.30602782071097373 0.028913963328631876 0.08346213292117466
1 0.5553596614950634 0.30602782071097373 0.028913963328631876 0.08346213292117466
1 0.5846262341325811 0.30602782071097373 0.028208744710860368 0.08346213292117466
1 0.613540197461213 0.30525502318392583 0.028208744710860368 0.08500772797527048
1 0.03913963328631876 0.40649149922720246 0.0232722143864598 0.021638330757341576
1 0.03913963328631876 0.42967542503863987 0.02468265162200282 0.02472952086553323
1 0.07087447108603667 0.4080370942812983 0.038787023977433006 0.02472952086553323
1 0.07087447108603667 0.4281298299845441 0.038787023977433006 0.021638330757341576
1 0.11071932299012693 0.38639876352395675 0.039492242595204514 0.021638330757341576
1 0.11071932299012693 0.4072642967542504 0.039492242595204514 0.02009273570324575
1 0.11177715091678421 0.4281298299845441 0.04160789844851904 0.021638330757341576
1 0.1562059238363893 0.3941267387944359 0.05007052186177715 0.04327666151468315
1 0.20839210155148097 0.3948995363214838 0.04866008462623413 0.04173106646058733
1 0.2577574047954866 0.3941267387944359 0.05007052186177715 0.0401854714064915
1 0.3067700987306065 0.3956723338485317 0.047954866008462625 0.04327666151468315
1 0.35684062059238364 0.3948995363214838 0.04936530324400564 0.04173106646058733
1 0.04090267983074753 0.4953632148377125 0.028208744710860368 0.023183925811437404
1 0.04090267983074753 0.517774343122102 0.028208744710860368 0.021638330757341576
1 0.07510578279266572 0.517774343122102 0.04160789844851904 0.021638330757341576
1 0.07510578279266572 0.49613601236476046 0.04160789844851904 0.021638330757341576
1 0.07651622002820875 0.4760432766615147 0.038787023977433006 0.01854714064914992
1 0.11636107193229901 0.49613601236476046 0.04090267983074753 0.021638330757341576
1 0.11706629055007052 0.51854714064915 0.04090267983074753 0.023183925811437404
1 0.04019746121297602 0.5695517774343122 0.028208744710860368 0.02009273570324575
1 0.03984485190409027 0.5873261205564142 0.027503526093088856 0.01854714064914992
1 0.04019746121297602 0.606646058732612 0.028208744710860368 0.02009273570324575
1 0.0729901269393512 0.5703245749613601 0.03596614950634697 0.021638330757341576
1 0.0736953455571227 0.6081916537867079 0.03455571227080395 0.02009273570324575
1 0.11283497884344147 0.5680061823802164 0.04090267983074753 0.023183925811437404
1 0.11354019746121298 0.58887171561051 0.039492242595204514 0.01854714064914992
1 0.11248236953455572 0.6089644513137558 0.04019746121297602 0.021638330757341576
1 0.16784203102961917 0.47372488408037094 0.0465444287729196 0.04173106646058733
1 0.21614950634696756 0.4721792890262751 0.04866008462623413 0.04173106646058733
1 0.2566995768688293 0.4760432766615147 0.031029619181946404 0.03709428129829984
1 0.288787023977433 0.47295208655332305 0.03314527503526093 0.0401854714064915
1 0.32263751763046544 0.47372488408037094 0.03314527503526093 0.04173106646058733
1 0.35825105782792666 0.47372488408037094 0.036671368124118475 0.04173106646058733
1 0.3959802538787024 0.41731066460587324 0.027503526093088856 0.0865533230293663
1 0.4231311706629055 0.4180834621329212 0.02679830747531735 0.08809891808346214
1 0.45098730606488013 0.419629057187017 0.02609308885754584 0.07882534775888717
1 0.4795486600846262 0.4188562596599691 0.028208744710860368 0.080370942812983
1 0.5066995768688294 0.4188562596599691 0.02609308885754584 0.08346213292117466
1 0.5610014104372355 0.41731066460587324 0.027503526093088856 0.08346213292117466
1 0.5888575458392101 0.41576506955177744 0.02679830747531735 0.0865533230293663
1 0.616361071932299 0.41731066460587324 0.029619181946403384 0.08346213292117466
1 0.42665726375176305 0.5378670788253478 0.01692524682651622 0.04945904173106646
1 0.4795486600846262 0.5378670788253478 0.01692524682651622 0.04945904173106646
1 0.4975317348377997 0.5378670788253478 0.01763046544428773 0.04945904173106646
1 0.5151622002820875 0.5309119010819165 0.01763046544428773 0.0633693972179289
1 0.5514809590973202 0.5309119010819165 0.018335684062059238 0.0633693972179289
1 0.5691114245416079 0.5309119010819165 0.01692524682651622 0.0633693972179289
1 0.5867418899858956 0.5309119010819165 0.01692524682651622 0.0633693972179289
1 0.6047249647390691 0.5309119010819165 0.01763046544428773 0.0633693972179289
1 0.6230606488011283 0.5309119010819165 0.01763046544428773 0.0633693972179289
1 0.39774330042313116 0.625193199381762 0.021156558533145273 0.05409582689335394
1 0.4263046544428773 0.6043276661514683 0.03314527503526093 0.03400309119010819
1 0.42665726375176305 0.6367851622874807 0.03385049365303244 0.03400309119010819
1 0.46473906911142454 0.6058732612055642 0.03244005641748942 0.030911901081916538
1 0.46473906911142454 0.6367851622874807 0.03385049365303244 0.030911901081916538
1 0.5049365303244006 0.6081916537867079 0.028208744710860368 0.02936630602782071
1 0.5031734837799718 0.6383307573415765 0.03455571227080395 0.030911901081916538
1 0.5398448519040903 0.6051004636785162 0.03314527503526093 0.03245749613601236
1 0.5398448519040903 0.6375579598145286 0.03314527503526093 0.03245749613601236
1 0.5786318758815233 0.606646058732612 0.030324400564174896 0.02627511591962906
1 0.577574047954866 0.6367851622874807 0.03385049365303244 0.03400309119010819
1 0.6153032440056417 0.6058732612055642 0.03455571227080395 0.03400309119010819
1 0.5299717912552891 0.7264296754250387 0.03314527503526093 0.030911901081916538
1 0.48871650211565587 0.6939721792890263 0.031029619181946404 0.03400309119010819
1 0.48730606488011285 0.7264296754250387 0.03385049365303244 0.030911901081916538
1 0.445345557122708 0.69629057187017 0.03314527503526093 0.02936630602782071
1 0.445345557122708 0.7272024729520865 0.03314527503526093 0.03245749613601236
1 0.4076163610719323 0.6970633693972179 0.028208744710860368 0.027820710973724884
1 0.3078279266572638 0.5749613601236476 0.020451339915373765 0.08346213292117466
1 0.2866713681241185 0.5749613601236476 0.020451339915373765 0.08346213292117466
1 0.26410437235543016 0.5842349304482226 0.02468265162200282 0.06800618238021638
1 0.23871650211565584 0.5850077279752705 0.02468265162200282 0.06646058732612056
1 0.21473906911142454 0.58887171561051 0.0232722143864598 0.05873261205564142
1 0.191114245416079 0.5826893353941267 0.022566995768688293 0.07109737248840804
1 0.1815937940761636 0.6978361669242659 0.028913963328631876 0.08809891808346214
1 0.21015514809590974 0.6978361669242659 0.028208744710860368 0.08809891808346214
1 0.2404795486600846 0.6978361669242659 0.028208744710860368 0.08809891808346214
1 0.2697461212976023 0.6993817619783617 0.028913963328631876 0.08809891808346214
1 0.3011283497884344 0.7001545595054096 0.028208744710860368 0.08964451313755796
1 0.3353314527503526 0.6993817619783617 0.028913963328631876 0.08809891808346214
1 0.36459802538787023 0.6993817619783617 0.029619181946403384 0.08809891808346214
1 0.06805359661495064 0.8330757341576507 0.030324400564174896 0.07418856259659969
1 0.10190409026798307 0.8353941267387944 0.04019746121297602 0.0633693972179289
1 0.13963328631875882 0.8245749613601236 0.029619181946403384 0.08809891808346214
1 0.16819464033850492 0.8253477588871716 0.027503526093088856 0.0865533230293663
1 0.19675599435825106 0.8261205564142194 0.02679830747531735 0.08809891808346214
1 0.22425952045133993 0.8253477588871716 0.02538787023977433 0.08964451313755796
1 0.25105782792665726 0.8261205564142194 0.028208744710860368 0.09119010819165378
1 0.27856135401974613 0.8268933539412674 0.028208744710860368 0.09273570324574962
1 0.3078279266572638 0.8268933539412674 0.028913963328631876 0.09273570324574962
1 0.3360366713681241 0.8268933539412674 0.027503526093088856 0.09273570324574962
1 0.3642454160789845 0.8261205564142194 0.028913963328631876 0.09119010819165378
1 0.39245416078984485 0.8253477588871716 0.027503526093088856 0.09273570324574962
1 0.42066290550070523 0.8261205564142194 0.027503526093088856 0.09428129829984544
1 0.44922425952045136 0.8261205564142194 0.028208744710860368 0.09428129829984544
1 0.5927362482369535 0.8261205564142194 0.027503526093088856 0.09428129829984544
1 0.6209449929478138 0.8261205564142194 0.028913963328631876 0.09428129829984544
1 0.6597320169252469 0.35394126738794435 0.01763046544428773 0.07727975270479134
1 0.6473906911142454 0.46754250386398766 0.031029619181946404 0.05409582689335394
1 0.6463328631875882 0.5595054095826894 0.027503526093088856 0.030911901081916538
1 0.6470380818053597 0.6908809891808346 0.028913963328631876 0.061823802163833076
1 0.6770098730606487 0.6901081916537867 0.029619181946403384 0.0633693972179289
1 0.7351904090267983 0.6908809891808346 0.027503526093088856 0.061823802163833076
1 0.7641043723554302 0.6893353941267388 0.028913963328631876 0.061823802163833076
1 0.7909026798307476 0.6715610510046368 0.0232722143864598 0.02936630602782071
1 0.7912552891396333 0.7032457496136012 0.023977433004231313 0.03400309119010819
1 0.8155853314527504 0.6715610510046368 0.0232722143864598 0.02936630602782071
1 0.8159379407616361 0.7032457496136012 0.023977433004231313 0.03400309119010819
1 0.8409732016925247 0.6731066460587326 0.0232722143864598 0.02936630602782071
1 0.840620592383639 0.7040185471406492 0.023977433004231313 0.03245749613601236
1 0.8656558533145275 0.7040185471406492 0.02609308885754584 0.03245749613601236
1 0.6780677009873061 0.35394126738794435 0.01763046544428773 0.07727975270479134
1 0.6971086036671368 0.35394126738794435 0.01763046544428773 0.07727975270479134
1 0.7154442877291961 0.3547140649149923 0.01904090267983075 0.07573415765069552
1 0.7351904090267983 0.3562596599690881 0.01763046544428773 0.07573415765069552
1 0.7591678420310296 0.3454404945904173 0.027503526093088856 0.09428129829984544
1 0.78737658674189 0.3462132921174652 0.030324400564174896 0.09273570324574962
1 0.8201692524682651 0.34389489953632146 0.03526093088857546 0.09428129829984544
1 0.8610719322990127 0.3446676970633694 0.03385049365303244 0.09582689335394126
1 0.7105077574047954 0.46754250386398766 0.030324400564174896 0.05409582689335394
1 0.7418899858956276 0.46908809891808345 0.029619181946403384 0.05100463678516229
1 0.7725669957686883 0.46986089644513135 0.03173483779971791 0.04945904173106646
1 0.8035966149506347 0.4706336939721793 0.03173483779971791 0.04791344667697063
1 0.8346262341325811 0.4706336939721793 0.03173483779971791 0.04791344667697063
1 0.866361071932299 0.4706336939721793 0.03173483779971791 0.04791344667697063
1 0.6470380818053597 0.5904173106646059 0.027503526093088856 0.03400309119010819
1 0.7052186177715092 0.5587326120556414 0.028208744710860368 0.03245749613601236
1 0.7052186177715092 0.5919629057187017 0.02679830747531735 0.03400309119010819
1 0.7348377997179125 0.5587326120556414 0.028208744710860368 0.03245749613601236
1 0.7358956276445698 0.5911901081916537 0.027503526093088856 0.03554868624420402
1 0.7648095909732017 0.5602782071097373 0.02609308885754584 0.03245749613601236
1 0.7937235543018336 0.5587326120556414 0.02609308885754584 0.03245749613601236
1 0.8293370944992948 0.5927357032457496 0.028208744710860368 0.03245749613601236
1 0.8642454160789845 0.5927357032457496 0.028913963328631876 0.03245749613601236
1 0.6498589562764457 0.8230293663060279 0.028913963328631876 0.0973724884080371
1 0.6777150916784203 0.8222565687789799 0.028208744710860368 0.09891808346213292
1 0.7062764456981664 0.8230293663060279 0.027503526093088856 0.0973724884080371
1 0.7330747531734838 0.8168469860896446 0.02468265162200282 0.10973724884080371
1 0.811706629055007 0.8191653786707882 0.02538787023977433 0.10510046367851623
1 0.8385049365303244 0.8191653786707882 0.02679830747531735 0.10819165378670788
1 0.8638928067700987 0.8207109737248841 0.02538787023977433 0.10510046367851623
1 0.9122002820874471 0.7952086553323029 0.07263751763046544 0.0571870170015456
1 0.9030324400564175 0.7125193199381762 0.0232722143864598 0.01854714064914992
1 0.9298307475317349 0.7148377125193199 0.0232722143864598 0.010819165378670788
1 0.9100846262341326 0.6978361669242659 0.0232722143864598 0.010819165378670788
1 0.8949224259520452 0.1267387944358578 0.022566995768688293 0.080370942812983
1 0.9167842031029619 0.1213292117465224 0.021156558533145273 0.07573415765069552
1 0.9418194640338505 0.13292117465224113 0.02609308885754584 0.10200927357032458
1 0.9650916784203103 0.14837712519319937 0.021861777150916785 0.12364760432766615
1 0.9862482369534555 0.15224111282843894 0.020451339915373765 0.11901081916537867
1 0.8966854724964739 0.23261205564142196 0.014809590973201692 0.04173106646058733
1 0.8980959097320169 0.615146831530139 0.03737658674188998 0.1143740340030912
1 0.9615655853314528 0.5950540958268934 0.02468265162200282 0.09582689335394126
1 0.9590973201692524 0.7001545595054096 0.028208744710860368 0.0401854714064915
1 0.9883638928067701 0.821483771251932 0.021861777150916785 0.0695517774343122
1 0.9876586741889986 0.7078825347758887 0.0232722143864598 0.07418856259659969
0 0.29442877291960506 0.14142194744976816 0.013399153737658674 0.013910355486862442
0 0.39386459802538787 0.1437403400309119 0.013399153737658674 0.012364760432766615
0 0.9901269393511989 0.07727975270479134 0.012693935119887164 0.015455950540958269
0 0.9245416078984485 0.20479134466769705 0.011283497884344146 0.013910355486862442
0 0.9315937940761636 0.7310664605873262 0.012693935119887164 0.012364760432766615
0 0.9129055007052186 0.8918083462132921 0.0232722143864598 0.03400309119010819
0 0.7277856135401974 0.883307573415765 0.012693935119887164 0.013910355486862442
0 0.6466854724964739 0.8817619783616693 0.012693935119887164 0.013910355486862442
0 0.3913963328631876 0.8802163833075735 0.012693935119887164 0.013910355486862442
0 0.3053596614950635 0.8802163833075735 0.012693935119887164 0.013910355486862442
0 0.1413963328631876 0.893353941267388 0.013399153737658674 0.04327666151468315
1 0.2584626234132581 0.3168469860896445 0.05148095909732017 0.03709428129829984
0 0.3215796897038082 0.7627511591962906 0.012693935119887164 0.03554868624420402
0 0.3928067700987306 0.7604327666151468 0.012693935119887164 0.03709428129829984
0 0.6403385049365303 0.28979907264296756 0.012693935119887164 0.013910355486862442
0 0.7147390691114246 0.4034003091190108 0.011988716502115656 0.012364760432766615
0 0.8265162200282088 0.6182380216383307 0.012693935119887164 0.012364760432766615
0 0.2415373765867419 0.35780525502318394 0.013399153737658674 0.03863987635239567
0 0.058180535966149506 0.5378670788253478 0.011988716502115656 0.012364760432766615
0 0.7009873060648801 0.6182380216383307 0.012693935119887164 0.012364760432766615
0 0.6022566995768688 0.5718701700154559 0.012693935119887164 0.012364760432766615
0 0.5465444287729196 0.5734157650695518 0.012693935119887164 0.012364760432766615
0 0.39386459802538787 0.5734157650695518 0.007757404795486601 0.00927357032457496
0 0.518688293370945 0.3701700154559505 0.011988716502115656 0.04173106646058733
0 0.0613540197461213 0.6290571870170015 0.012693935119887164 0.012364760432766615
0 0.09590973201692525 0.6290571870170015 0.012693935119887164 0.012364760432766615
0 0.14386459802538787 0.6282843894899537 0.012693935119887164 0.010819165378670788
0 0.2143864598025388 0.6290571870170015 0.012693935119887164 0.012364760432766615
0 0.24012693935119886 0.42581143740340033 0.011988716502115656 0.010819165378670788
1 0.6145980253878702 0.6383307573415765 0.03314527503526093 0.030911901081916538
1 0.610719322990127 0.6970633693972179 0.03526093088857546 0.030911901081916538
1 0.5691114245416079 0.7272024729520865 0.03385049365303244 0.03245749613601236
1 0.39033850493653033 0.5378670788253478 0.01763046544428773 0.04945904173106646
1 0.40867418899858954 0.5378670788253478 0.01763046544428773 0.04945904173106646
1 0.44428772919605075 0.5378670788253478 0.01692524682651622 0.04945904173106646
1 0.4619181946403385 0.5378670788253478 0.01692524682651622 0.04945904173106646
1 0.5331452750352609 0.5309119010819165 0.01692524682651622 0.0633693972179289
0 0.9333568406205924 0.5432766615146831 0.010578279266572637 0.017001545595054096
0 0.8995063469675599 0.5440494590417311 0.010578279266572637 0.015455950540958269
0 0.9090267983074753 0.7310664605873262 0.012693935119887164 0.015455950540958269
0 0.88787023977433 0.731839258114374 0.012693935119887164 0.013910355486862442
0 0.9703808180535967 0.8825347758887172 0.014104372355430184 0.015455950540958269
0 0.8092383638928068 0.8825347758887172 0.013399153737658674 0.015455950540958269
0 0.5292665726375176 0.7627511591962906 0.011988716502115656 0.03554868624420402
0 0.2958392101551481 0.3454404945904173 0.011988716502115656 0.010819165378670788
1 0.7651622002820875 0.5942812982998454 0.02679830747531735 0.03245749613601236
1 0.8293370944992948 0.5602782071097373 0.028208744710860368 0.03245749613601236
0 0.14527503526093088 0.42581143740340033 0.012693935119887164 0.010819165378670788
0 0.44358251057827924 0.14142194744976816 0.012693935119887164 0.013910355486862442
0 0.5098730606488011 0.14142194744976816 0.012693935119887164 0.013910355486862442
0 0.919605077574048 0.07727975270479134 0.011283497884344146 0.01854714064914992
0 0.8956276445698167 0.20556414219474498 0.007052186177715092 0.015455950540958269
0 0.9717912552891397 0.2063369397217929 0.009873060648801129 0.017001545595054096
0 0.9943582510578279 0.3415765069551777 0.005641748942172073 0.012364760432766615
0 0.9668547249647391 0.3408037094281298 0.011283497884344146 0.017001545595054096
0 0.9308885754583921 0.3415765069551777 0.009873060648801129 0.015455950540958269
0 0.8980959097320169 0.34234930448222567 0.011988716502115656 0.013910355486862442
0 0.9665021156558533 0.5440494590417311 0.010578279266572637 0.015455950540958269
0 0.9598025387870239 0.7302936630602782 0.012693935119887164 0.013910355486862442
0 0.6410437235543018 0.731839258114374 0.012693935119887164 0.013910355486862442
0 0.03702397743300423 0.35780525502318394 0.011988716502115656 0.010819165378670788
0 0.10260930888575458 0.5386398763523956 0.011988716502115656 0.010819165378670788
1 0.5292665726375176 0.6947449768160742 0.03314527503526093 0.03245749613601236
1 0.4058533145275035 0.7264296754250387 0.03455571227080395 0.030911901081916538
1 0.3709449929478138 0.5757341576506955 0.021156558533145273 0.08500772797527048
1 0.34978843441466856 0.5757341576506955 0.021156558533145273 0.08500772797527048
1 0.328984485190409 0.5757341576506955 0.020451339915373765 0.08500772797527048
1 0.16713681241184766 0.5850077279752705 0.022566995768688293 0.06646058732612056
1 0.14562764456981664 0.5865533230293664 0.021861777150916785 0.0633693972179289
1 0.03702397743300423 0.7032457496136012 0.027503526093088856 0.09891808346213292
1 0.06170662905500705 0.7032457496136012 0.02609308885754584 0.10200927357032458
1 0.08991537376586742 0.7017001545595054 0.02609308885754584 0.10510046367851623
1 0.1202397743300423 0.6993817619783617 0.03455571227080395 0.10664605873261206
1 0.15338504936530326 0.6970633693972179 0.027503526093088856 0.0865533230293663
1 0.6759520451339915 0.5587326120556414 0.027503526093088856 0.02936630602782071
1 0.7584626234132581 0.8168469860896446 0.02468265162200282 0.10973724884080371
1 0.9150211565585331 0.848531684698609 0.06981664315937941 0.04636785162287481
1 0.9615655853314528 0.8238021638330757 0.0232722143864598 0.09582689335394126
0 0.5035260930888575 0.8786707882534776 0.014104372355430184 0.02009273570324575
0 0.14527503526093088 0.3462132921174652 0.012693935119887164 0.012364760432766615
0 0.10366713681241185 0.44899536321483774 0.011283497884344146 0.010819165378670788
1 0.9220733427362482 0.23261205564142196 0.01763046544428773 0.04482225656877898
1 0.9686177715091678 0.2735703245749614 0.014809590973201692 0.11746522411128284
1 0.9904795486600846 0.27743431221020093 0.01763046544428773 0.11591962905718702
0 0.5684062059238364 0.1437403400309119 0.012693935119887164 0.012364760432766615
0 0.7235543018335684 0.16537867078825347 0.012693935119887164 0.012364760432766615
0 0.8385049365303244 0.7302936630602782 0.012693935119887164 0.013910355486862442
0 0.19534555712270804 0.26738794435857804 0.012693935119887164 0.012364760432766615
0 0.5052891396332864 0.25579598145285937 0.011988716502115656 0.010819165378670788
0 0.6830042313117066 0.29057187017001546 0.011988716502115656 0.012364760432766615
0 0.8328631875881524 0.5061823802163833 0.012693935119887164 0.010819165378670788
0 0.7306064880112835 0.5054095826893354 0.012693935119887164 0.012364760432766615
0 0.764456981664316 0.6174652241112828 0.012693935119887164 0.010819165378670788
0 0.5338504936530324 0.6746522411128284 0.011283497884344146 0.03863987635239567
0 0.3508462623413258 0.6290571870170015 0.011988716502115656 0.012364760432766615
0 0.31805359661495064 0.5046367851622875 0.012693935119887164 0.010819165378670788
0 0.3427362482369535 0.4250386398763524 0.012693935119887164 0.012364760432766615
0 0.08991537376586742 0.26738794435857804 0.014809590973201692 0.0401854714064915
0 0.22425952045133993 0.26661514683153015 0.012693935119887164 0.013910355486862442
0 0.2817348377997179 0.26738794435857804 0.011988716502115656 0.012364760432766615
0 0.3617771509167842 0.26661514683153015 0.012693935119887164 0.013910355486862442
0 0.5842736248236954 0.2550231839258114 0.013399153737658674 0.015455950540958269
0 0.7595204513399154 0.29057187017001546 0.012693935119887164 0.012364760432766615
0 0.8134696755994358 0.29057187017001546 0.011988716502115656 0.012364760432766615
0 0.8589562764456982 0.4034003091190108 0.012693935119887164 0.012364760432766615
0 0.6981664315937941 0.5054095826893354 0.012693935119887164 0.012364760432766615
0 0.4185472496473907 0.6738794435857806 0.011988716502115656 0.03709428129829984
0 0.5546544428772919 0.4714064914992272 0.010578279266572637 0.012364760432766615
0 0.3913963328631876 0.37094281298299847 0.012693935119887164 0.0401854714064915
0 0.43653032440056416 0.37094281298299847 0.011283497884344146 0.04327666151468315
0 0.14633286318758815 0.5046367851622875 0.011988716502115656 0.010819165378670788
1 0.12200282087447109 0.08578052550231839 0.029619181946403384 0.0973724884080371
1 0.07263751763046544 0.589644513137558 0.036671368124118475 0.02009273570324575
1 0.610719322990127 0.7272024729520865 0.03526093088857546 0.03245749613601236
1 0.4788434414668547 0.8268933539412674 0.028208744710860368 0.09273570324574962
1 0.8660084626234132 0.6731066460587326 0.023977433004231313 0.02936630602782071
1 0.6759520451339915 0.5911901081916537 0.028913963328631876 0.03245749613601236
1 0.8977433004231312 0.4095826893353941 0.028208744710860368 0.12364760432766615
1 0.9333568406205924 0.46290571870170016 0.0613540197461213 0.16537867078825347
0 0.19428772919605078 0.3454404945904173 0.013399153737658674 0.010819165378670788
1 0.5338504936530324 0.41576506955177744 0.02679830747531735 0.08964451313755796
1 0.5070521861777151 0.8261205564142194 0.028208744710860368 0.09428129829984544
1 0.5356135401974612 0.8261205564142194 0.028913963328631876 0.09119010819165378
1 0.564527503526093 0.8268933539412674 0.028913963328631876 0.08964451313755796
0 0.6100141043723555 0.4721792890262751 0.012693935119887164 0.010819165378670788
0 0.33779971791255287 0.3462132921174652 0.012693935119887164 0.00927357032457496
0 0.09379407616361073 0.357032457496136 0.012693935119887164 0.012364760432766615
0 0.06276445698166432 0.45054095826893353 0.012693935119887164 0.010819165378670788
1 0.6413963328631875 0.35239567233384855 0.01763046544428773 0.07727975270479134
1 0.7073342736248237 0.6885625965996909 0.028208744710860368 0.0633693972179289
1 0.6787729196050776 0.4721792890262751 0.030324400564174896 0.04482225656877898
0 0.44710860366713684 0.4706336939721793 0.011283497884344146 0.010819165378670788
0 0.6967559943582511 0.7302936630602782 0.012693935119887164 0.013910355486862442
0 0.7581100141043724 0.7302936630602782 0.012693935119887164 0.013910355486862442
0 0.7898448519040903 0.7302936630602782 0.012693935119887164 0.013910355486862442
0 0.1473906911142454 0.26738794435857804 0.012693935119887164 0.012364760432766615
0 0.8180535966149506 0.4034003091190108 0.012693935119887164 0.012364760432766615
0 0.6755994358251057 0.4034003091190108 0.012693935119887164 0.012364760432766615
0 0.7968970380818053 0.5054095826893354 0.012693935119887164 0.012364760432766615
0 0.5133991537376587 0.5734157650695518 0.011283497884344146 0.012364760432766615
0 0.2817348377997179 0.6282843894899537 0.014809590973201692 0.010819165378670788
1 0.7175599435825106 0.23338485316846985 0.02468265162200282 0.0865533230293663
1 0.7425952045133991 0.23415765069551778 0.023977433004231313 0.08809891808346214
1 0.3959802538787024 0.3323029366306028 0.0232722143864598 0.03400309119010819
1 0.4178420310296192 0.31452859350850076 0.021861777150916785 0.0633693972179289
0 0.3913963328631876 0.25656877897990726 0.014104372355430184 0.012364760432766615
0 0.7517630465444288 0.4034003091190108 0.012693935119887164 0.012364760432766615
0 0.693935119887165 0.4034003091190108 0.012693935119887164 0.012364760432766615
0 0.6399858956276445 0.4034003091190108 0.011988716502115656 0.012364760432766615
0 0.502820874471086 0.4706336939721793 0.011283497884344146 0.010819165378670788
0 0.8099435825105783 0.16537867078825347 0.011988716502115656 0.012364760432766615
0 0.326163610719323 0.26738794435857804 0.011988716502115656 0.012364760432766615
0 0.45098730606488013 0.25579598145285937 0.011988716502115656 0.013910355486862442
0 0.767277856135402 0.5054095826893354 0.012693935119887164 0.012364760432766615
0 0.6734837799717912 0.5054095826893354 0.012693935119887164 0.012364760432766615
1 0.8638928067700987 0.5595054095826894 0.028208744710860368 0.030911901081916538
0 0.9453455571227081 0.2063369397217929 0.010578279266572637 0.017001545595054096
0 0.9936530324400564 0.2117465224111283 0.009873060648801129 0.015455950540958269
0 0.44499294781382226 0.5726429675425039 0.012693935119887164 0.013910355486862442
0 0.6396332863187588 0.5061823802163833 0.012693935119887164 0.010819165378670788
0 0.6459802538787024 0.6182380216383307 0.012693935119887164 0.012364760432766615
1 0.9911847672778561 0.6043276661514683 0.01763046544428773 0.080370942812983
1 0.9901269393511989 0.4945904173106646 0.018335684062059238 0.08964451313755796
0 0.06205923836389281 0.15687789799072643 0.012693935119887164 0.04173106646058733
0 0.9668547249647391 0.07805255023183925 0.011283497884344146 0.017001545595054096
1 0.9273624823695346 0.7047913446676971 0.023977433004231313 0.012364760432766615
0 0.14844851904090267 0.1437403400309119 0.013399153737658674 0.012364760432766615
0 0.23413258110014104 0.14219474497681608 0.012693935119887164 0.012364760432766615
0 0.0342031029619182 0.2689335394126739 0.013399153737658674 0.0401854714064915
0 0.191114245416079 0.4250386398763524 0.012693935119887164 0.012364760432766615
0 0.06276445698166432 0.8786707882534776 0.012693935119887164 0.013910355486862442
0 0.1428067700987306 0.7619783616692427 0.013399153737658674 0.03709428129829984
0 0.23695345557122707 0.7627511591962906 0.012693935119887164 0.03863987635239567
0 0.39492242595204513 0.4706336939721793 0.00846262341325811 0.010819165378670788
0 0.5772214386459803 0.37094281298299847 0.011988716502115656 0.04327666151468315
0 0.24506346967559944 0.5038639876352395 0.011988716502115656 0.012364760432766615
0 0.288787023977433 0.4250386398763524 0.011988716502115656 0.00927357032457496
0 0.8966854724964739 0.07650695517774343 0.010578279266572637 0.017001545595054096
0 0.9432299012693935 0.07805255023183925 0.010578279266572637 0.017001545595054096
0 0.08744710860366714 0.8778979907264297 0.012693935119887164 0.012364760432766615
0 0.07722143864598026 0.7627511591962906 0.013399153737658674 0.013910355486862442
0 0.2189703808180536 0.893353941267388 0.013399153737658674 0.04327666151468315
0 0.8589562764456982 0.5054095826893354 0.012693935119887164 0.00927357032457496
0 0.39174894217207334 0.6638330757341576 0.011988716502115656 0.010819165378670788
0 0.6389280677009873 0.1661514683153014 0.012693935119887164 0.010819165378670788
1 0.9333568406205924 0.6004636785162287 0.03173483779971791 0.10664605873261206
1 0.9442877291960508 0.27743431221020093 0.011283497884344146 0.10046367851622875
1 0.9654442877291961 0.3995363214837713 0.028208744710860368 0.10046367851622875
1 0.7856135401974612 0.8160741885625966 0.02538787023977433 0.11128284389489954
1 0.7933709449929478 0.5935085007727975 0.02679830747531735 0.03400309119010819
