1 0.6764632936507936 0.2682291666666667 0.03050595238095238 0.11160714285714286
1 0.6447172619047619 0.2687872023809524 0.03447420634920635 0.11049107142857142
1 0.611359126984127 0.26674107142857145 0.022817460317460316 0.11904761904761904
1 0.7952628968253969 0.4797247023809524 0.03794642857142857 0.12686011904761904
1 0.7594246031746031 0.4797247023809524 0.03521825396825397 0.13355654761904762
1 0.9131944444444444 0.8571428571428571 0.03422619047619048 0.13392857142857142
1 0.8800843253968254 0.8524925595238095 0.031994047619047616 0.14174107142857142
1 0.8454861111111112 0.85546875 0.030753968253968252 0.13578869047619047
1 0.4280753968253968 0.14397321428571427 0.027281746031746032 0.12574404761904762
1 0.3959573412698413 0.14304315476190477 0.03050595238095238 0.13206845238095238
1 0.3267609126984127 0.14583333333333334 0.03249007936507937 0.125
1 0.2927827380952381 0.1441592261904762 0.03149801587301587 0.12686011904761904
1 0.2526041666666667 0.14304315476190477 0.034970238095238096 0.12760416666666666
1 0.33742559523809523 0.3510044642857143 0.02554563492063492 0.15290178571428573
1 0.3070436507936508 0.3439360119047619 0.034722222222222224 0.17075892857142858
1 0.27455357142857145 0.34263392857142855 0.030257936507936508 0.16964285714285715
1 0.2435515873015873 0.3443080357142857 0.02976190476190476 0.16331845238095238
1 0.2130456349206349 0.34021577380952384 0.034722222222222224 0.17001488095238096
1 0.17609126984126985 0.3396577380952381 0.027777777777777776 0.17261904761904762
1 0.14285714285714285 0.34133184523809523 0.03422619047619048 0.1796875
1 0.10404265873015874 0.3390997023809524 0.03298611111111111 0.17671130952380953
1 0.45337301587301587 0.5511532738095238 0.027777777777777776 0.16852678571428573
1 0.42001488095238093 0.5537574404761905 0.03149801587301587 0.1715029761904762
1 0.3869047619047619 0.5531994047619048 0.034722222222222224 0.17261904761904762
1 0.35453869047619047 0.5520833333333334 0.029017857142857144 0.171875
1 0.17770337301587302 0.5500372023809523 0.03149801587301587 0.17373511904761904
0 0.13814484126984128 0.8952752976190477 0.03670634920634921 0.030877976190476192
0 0.7434275793650794 0.56640625 0.04290674603174603 0.030133928571428572
1 0.17162698412698413 0.9547991071428571 0.03273809523809524 0.0896577380952381
1 0.08246527777777778 0.9590773809523809 0.023065476190476192 0.08110119047619048
1 1.3022073412698412 0.2747395833333333 0.08953373015873016 0.21391369047619047
1 0.8203125 0.8839285714285714 0.07564484126984126 0.21428571428571427
1 1.322296626984127 1.084077380952381 0.06721230158730158 0.19642857142857142
1 0.1001984126984127 0.8697916666666666 0.08978174603174603 0.20386904761904762
1 0.18377976190476192 0.8530505952380952 0.09275793650793651 0.22395833333333334
1 0.6369047619047619 0.8837425595238095 0.0873015873015873 0.19680059523809523
1 0.10057043650793651 1.0744047619047619 0.08110119047619048 0.20535714285714285
1 0.026537698412698412 1.0623139880952381 0.053075396825396824 0.19456845238095238
1 0.029265873015873016 0.8634672619047619 0.05406746031746032 0.20758928571428573
1 0.7235863095238095 1.0944940476190477 0.08159722222222222 0.20386904761904762
1 0.9866071428571429 1.0892857142857142 0.08234126984126984 0.20684523809523808
1 1.1578621031746033 1.0835193452380953 0.07465277777777778 0.19754464285714285
0 1.269469246031746 1.3175223214285714 0.05233134920634921 0.03236607142857143
0 1.1129712301587302 1.3258928571428572 0.05282738095238095 0.04017857142857143
1 1.206969246031746 0.27250744047619047 0.07465277777777778 0.20870535714285715
0 0.5450148809523809 0.77734375 0.03943452380952381 0.00855654761904762
1 0.9420882936507936 0.2572544642857143 0.09151785714285714 0.2191220238095238
1 0.7523561507936508 0.2425595238095238 0.09449404761904762 0.22395833333333334
1 1.0290178571428572 0.47228422619047616 0.0882936507936508 0.20200892857142858
1 0.9406001984126984 0.4724702380952381 0.09052579365079365 0.2113095238095238
1 0.8439980158730159 0.4685639880952381 0.09672619047619048 0.2191220238095238
1 0.27641369047619047 1.0883556547619047 0.08953373015873016 0.21242559523809523
0 0.4322916666666667 1.3348214285714286 0.04662698412698413 0.044642857142857144
0 1.0343501984126984 1.330171130952381 0.03943452380952381 0.038318452380952384
0 1.3182043650793651 1.3013392857142858 0.0 0.0
1 0.9916914682539683 0.8822544642857143 0.08606150793650794 0.22061011904761904
0 0.5095486111111112 1.329985119047619 0.04538690476190476 0.036458333333333336
0 0.5974702380952381 1.3374255952380953 0.033234126984126984 0.03571428571428571
1 0.7462797619047619 0.4685639880952381 0.09474206349206349 0.21614583333333334
1 0.5564236111111112 0.45703125 0.09350198412698413 0.22358630952380953
1 0.26438492063492064 0.4538690476190476 0.09771825396825397 0.22395833333333334
1 0.8115079365079365 1.0892857142857142 0.08432539682539683 0.2113095238095238
1 0.8962053571428571 1.0892857142857142 0.08159722222222222 0.19866071428571427
1 1.0746527777777777 1.0866815476190477 0.08333333333333333 0.20163690476190477
1 1.2416914682539681 1.0790550595238095 0.08606150793650794 0.20647321428571427
1 0.8628472222222222 0.7719494047619048 0.0 0.0
1 1.3227926587301588 0.8859747023809523 0.0662202380952381 0.2027529761904762
1 0.2650049603174603 0.23251488095238096 0.09250992063492064 0.22842261904761904
1 0.06336805555555555 0.45070684523809523 0.09052579365079365 0.22358630952380953
1 0.6511656746031746 0.4655877976190476 0.08953373015873016 0.22209821428571427
1 1.031125992063492 0.25948660714285715 0.09250992063492064 0.2265625
0 0.16245039682539683 1.333891369047619 0.05357142857142857 0.04575892857142857
0 0.6662946428571429 1.3348214285714286 0.041914682539682536 0.04241071428571429
0 1.1824156746031746 1.3214285714285714 0.05233134920634921 0.034970238095238096
0 0.84375 1.3234747023809523 0.04365079365079365 0.0234375
1 1.2943948412698412 0.48232886904761907 0.09027777777777778 0.19754464285714285
1 1.204985119047619 0.48474702380952384 0.078125 0.20238095238095238
1 1.1221478174603174 0.26860119047619047 0.08953373015873016 0.2113095238095238
1 1.2462797619047619 0.8872767857142857 0.0798611111111111 0.203125
1 1.1655505952380953 0.8857886904761905 0.078125 0.20014880952380953
1 1.0813492063492063 0.8828125 0.0882936507936508 0.21428571428571427
0 0.2620287698412698 1.3266369047619047 0.04935515873015873 0.04538690476190476
0 0.3542906746031746 1.3296130952380953 0.045882936507936505 0.044642857142857144
1 0.11817956349206349 0.5517113095238095 0.03149801587301587 0.1800595238095238
1 0.0835813492063492 0.5528273809523809 0.03373015873015873 0.1793154761904762
1 0.4868551587301587 0.7739955357142857 0.027281746031746032 0.18563988095238096
1 0.4469246031746032 0.7693452380952381 0.027281746031746032 0.18080357142857142
1 0.4133184523809524 0.7752976190476191 0.03149801587301587 0.17113095238095238
1 0.2826140873015873 0.7795758928571429 0.031001984126984128 0.17447916666666666
1 0.2507440476190476 0.7795758928571429 0.028273809523809524 0.17596726190476192
1 0.22036210317460317 0.7792038690476191 0.031001984126984128 0.17522321428571427
1 0.15910218253968253 0.7738095238095238 0.03249007936507937 0.17559523809523808
1 0.12103174603174603 0.7710193452380952 0.03422619047619048 0.1796875
1 0.08717757936507936 0.7713913690476191 0.033482142857142856 0.18043154761904762
1 0.017485119047619048 0.3400297619047619 0.029017857142857144 0.17261904761904762
1 0.030381944444444444 0.7784598214285714 0.027529761904761904 0.16331845238095238
1 0.01277281746031746 0.5718005952380952 0.021577380952380952 0.171875
0 0.059895833333333336 0.22823660714285715 0.040426587301587304 0.03608630952380952
0 0.10825892857142858 0.22712053571428573 0.04141865079365079 0.03608630952380952
0 0.15203373015873015 0.22898065476190477 0.03869047619047619 0.03459821428571429
0 0.19134424603174602 0.22637648809523808 0.036458333333333336 0.030133928571428572
0 0.23325892857142858 0.2265625 0.03993055555555555 0.03050595238095238
0 0.27814980158730157 0.22730654761904762 0.037450396825396824 0.029017857142857144
0 0.4052579365079365 0.22786458333333334 0.03968253968253968 0.03162202380952381
0 0.4739583333333333 0.22730654761904762 0.03869047619047619 0.029017857142857144
0 0.4182787698412698 0.4505208333333333 0.03695436507936508 0.029017857142857144
0 0.23313492063492064 0.44642857142857145 0.037698412698412696 0.026041666666666668
0 0.3169642857142857 0.22526041666666666 0.03819444444444445 0.027901785714285716
0 0.3470982142857143 0.6605282738095238 0.03695436507936508 0.028645833333333332
0 0.38678075396825395 0.6568080357142857 0.03993055555555555 0.030133928571428572
0 0.42472718253968256 0.6577380952380952 0.0339781746031746 0.03125
0 0.4671378968253968 0.6597842261904762 0.037450396825396824 0.028645833333333332
0 0.48933531746031744 0.8949032738095238 0.03819444444444445 0.02269345238095238
0 0.4507688492063492 0.8919270833333334 0.03149801587301587 0.03162202380952381
0 0.41369047619047616 0.8921130952380952 0.03571428571428571 0.03422619047619048
1 0.5818452380952381 0.26376488095238093 0.03373015873015873 0.12276785714285714
1 0.5383184523809523 0.26469494047619047 0.029513888888888888 0.1253720238095238
1 0.9427083333333334 0.47823660714285715 0.03373015873015873 0.12388392857142858
1 0.9089781746031746 0.4806547619047619 0.030753968253968252 0.125
1 0.8723958333333334 0.48009672619047616 0.03794642857142857 0.12016369047619048
1 0.8338293650793651 0.48084077380952384 0.03521825396825397 0.13132440476190477
1 0.7134176587301587 0.4817708333333333 0.036458333333333336 0.12946428571428573
1 0.6768353174603174 0.4791666666666667 0.03670634920634921 0.12797619047619047
1 0.6372767857142857 0.4791666666666667 0.029017857142857144 0.11979166666666667
1 0.6065228174603174 0.4791666666666667 0.036458333333333336 0.13020833333333334
1 0.5696924603174603 0.4728422619047619 0.03720238095238095 0.140625
1 0.5365823412698413 0.4760044642857143 0.03050595238095238 0.14248511904761904
1 0.9437003968253969 0.8482142857142857 0.018849206349206348 0.13169642857142858
1 0.6190476190476191 0.8498883928571429 0.03571428571428571 0.12611607142857142
1 0.5935019841269841 0.8417038690476191 0.023313492063492064 0.12909226190476192
1 0.5616319444444444 0.8478422619047619 0.03249007936507937 0.13913690476190477
1 0.5316220238095238 0.8456101190476191 0.021577380952380952 0.13169642857142858
1 0.9410962301587301 0.6672247023809523 0.03298611111111111 0.12834821428571427
1 0.9088541666666666 0.6692708333333334 0.033482142857142856 0.13095238095238096
1 0.8733878968253969 0.6688988095238095 0.036458333333333336 0.12797619047619047
1 0.839905753968254 0.6675967261904762 0.029017857142857144 0.12760416666666666
1 0.8089037698412699 0.6702008928571429 0.03298611111111111 0.12909226190476192
1 0.7750496031746031 0.6702008928571429 0.03125 0.12909226190476192
1 0.7429315476190477 0.671875 0.031994047619047616 0.13392857142857142
1 0.7074652777777778 0.6705729166666666 0.033482142857142856 0.13132440476190477
1 0.6713789682539683 0.6705729166666666 0.034722222222222224 0.13355654761904762
1 0.6421130952380952 0.6644345238095238 0.02628968253968254 0.1331845238095238
1 0.6102430555555556 0.6683407738095238 0.03298611111111111 0.12909226190476192
1 0.4592013888888889 0.14787946428571427 0.030009920634920636 0.11644345238095238
1 0.28311011904761907 0.5509672619047619 0.030009920634920636 0.17410714285714285
1 0.24776785714285715 0.5543154761904762 0.033234126984126984 0.18229166666666666
1 0.2152777777777778 0.5517113095238095 0.032242063492063495 0.17857142857142858
0 0.8416418650793651 0.9574032738095238 0.03993055555555555 0.030877976190476192
0 0.9249751984126984 0.9562872023809523 0.03993055555555555 0.03311011904761905
0 0.9639136904761905 0.7646949404761905 0.03993055555555555 0.030133928571428572
0 0.9200148809523809 0.7635788690476191 0.043402777777777776 0.027157738095238096
0 0.847594246031746 0.7659970238095238 0.04141865079365079 0.031994047619047616
0 0.7994791666666666 0.7641369047619048 0.040426587301587304 0.028273809523809524
0 0.7573164682539683 0.7658110119047619 0.04092261904761905 0.026413690476190476
0 0.7430555555555556 0.14453125 0.03869047619047619 0.030133928571428572
0 0.8289930555555556 0.14769345238095238 0.04290674603174603 0.034970238095238096
0 0.9192708333333334 0.5658482142857143 0.03993055555555555 0.033482142857142856
1 0.48425099206349204 0.9553571428571429 0.03695436507936508 0.08854166666666667
1 0.20709325396825398 0.9559151785714286 0.03125 0.08742559523809523
1 0.4619295634920635 0.22860863095238096 0.09598214285714286 0.23251488095238096
1 0.3648313492063492 1.0859375 0.07787698412698413 0.20982142857142858
0 0.9408482142857143 1.329985119047619 0.03844246031746032 0.046875
1 0.1630704365079365 0.4453125 0.10094246031746032 0.23139880952380953
1 0.6341765873015873 1.091889880952381 0.08978174603174603 0.21205357142857142
0 0.24913194444444445 0.09765625 0.04290674603174603 0.033854166666666664
1 0.8464781746031746 0.24869791666666666 0.09771825396825397 0.21763392857142858
1 0.6510416666666666 0.2308407738095238 0.09970238095238096 0.24367559523809523
1 1.1205357142857142 0.4739583333333333 0.08432539682539683 0.20833333333333334
1 0.5570436507936508 0.23418898809523808 0.09474206349206349 0.22209821428571427
1 0.46081349206349204 0.45089285714285715 0.09573412698412699 0.23288690476190477
1 0.3611111111111111 0.23418898809523808 0.09970238095238096 0.22805059523809523
1 0.3635912698412698 0.44921875 0.10069444444444445 0.23623511904761904
1 0.16257440476190477 0.22395833333333334 0.10788690476190477 0.24553571428571427
1 0.06956845238095238 0.22023809523809523 0.09449404761904762 0.25
1 0.27901785714285715 0.8807663690476191 0.08878968253968254 0.21688988095238096
1 0.361359126984127 0.8582589285714286 0.08333333333333333 0.22247023809523808
1 0.4506448412698413 0.8751860119047619 0.09176587301587301 0.2027529761904762
1 0.5426587301587301 0.8826264880952381 0.09027777777777778 0.20424107142857142
1 0.5395585317460317 1.0911458333333333 0.08903769841269842 0.21577380952380953
1 0.45027281746031744 1.0887276785714286 0.08506944444444445 0.21316964285714285
1 0.1871279761904762 1.0792410714285714 0.08754960317460317 0.2261904761904762
1 0.7302827380952381 0.8872767857142857 0.08606150793650794 0.21726190476190477
0 0.10193452380952381 0.7181919642857143 0.05009920634920635 0.06882440476190477
0 0.08643353174603174 1.3214285714285714 0.05828373015873016 0.03273809523809524
0 0.7844742063492064 1.3394717261904763 0.04265873015873016 0.03459821428571429
1 0.9061259920634921 0.8800223214285714 0.08060515873015874 0.2191220238095238
1 0.9299355158730159 0.08165922619047619 0.03298611111111111 0.08370535714285714
1 0.9620535714285714 0.08909970238095238 0.026785714285714284 0.07998511904761904
1 0.9341517857142857 0.26413690476190477 0.03844246031746032 0.12202380952380952
1 0.888640873015873 0.26525297619047616 0.031746031746031744 0.12574404761904762
1 0.8531746031746031 0.26469494047619047 0.03521825396825397 0.12313988095238096
1 0.7839781746031746 0.26729910714285715 0.033234126984126984 0.1134672619047619
1 0.7501240079365079 0.26357886904761907 0.03447420634920635 0.11867559523809523
1 0.7123015873015873 0.26525297619047616 0.03571428571428571 0.12574404761904762
1 0.5376984126984127 0.06994047619047619 0.026785714285714284 0.109375
1 0.5848214285714286 0.08296130952380952 0.033234126984126984 0.0900297619047619
1 0.6231398809523809 0.0818452380952381 0.031001984126984128 0.08556547619047619
1 0.6558779761904762 0.0822172619047619 0.03447420634920635 0.08482142857142858
1 0.6977926587301587 0.08128720238095238 0.035962301587301584 0.08668154761904762
1 0.7384672619047619 0.08277529761904762 0.03447420634920635 0.09412202380952381
1 0.7756696428571429 0.08389136904761904 0.03844246031746032 0.08370535714285714
1 0.8173363095238095 0.08389136904761904 0.036458333333333336 0.07924107142857142
1 0.8560267857142857 0.08444940476190477 0.036458333333333336 0.08705357142857142
0 0.18998015873015872 0.44884672619047616 0.037698412698412696 0.027901785714285716
0 0.07006448412698413 0.4484747023809524 0.03546626984126984 0.02492559523809524
0 0.12785218253968253 0.4505208333333333 0.03546626984126984 0.025297619047619048
0 0.07093253968253968 0.6584821428571429 0.03819444444444445 0.026785714285714284
0 0.1134672619047619 0.6564360119047619 0.03050595238095238 0.027157738095238096
0 0.2017609126984127 0.6594122023809523 0.04241071428571429 0.035342261904761904
0 0.26351686507936506 0.6588541666666666 0.03695436507936508 0.031994047619047616
0 0.30443948412698413 0.6609002976190477 0.03993055555555555 0.030133928571428572
1 0.24144345238095238 0.9562872023809523 0.03298611111111111 0.08668154761904762
1 0.6629464285714286 0.8532366071428571 0.03125 0.13653273809523808
1 0.5755208333333334 0.6670386904761905 0.036458333333333336 0.13020833333333334
1 0.541046626984127 0.6662946428571429 0.03249007936507937 0.13020833333333334
1 0.4928075396825397 0.1488095238095238 0.030753968253968252 0.12053571428571429
1 0.44320436507936506 0.9561011904761905 0.03273809523809524 0.08630952380952381
1 0.8187003968253969 0.26729910714285715 0.032242063492063495 0.11569940476190477
1 0.07713293650793651 0.13616071428571427 0.03571428571428571 0.15029761904761904
1 0.47532242063492064 0.3515625 0.029513888888888888 0.15401785714285715
1 0.4445684523809524 0.35044642857142855 0.029513888888888888 0.15625
1 0.4157986111111111 0.34988839285714285 0.028025793650793652 0.15736607142857142
1 0.36693948412698413 0.3502604166666667 0.028025793650793652 0.15290178571428573
1 0.3912450396825397 0.3502604166666667 0.020089285714285716 0.15290178571428573
1 0.07279265873015874 0.3390997023809524 0.03298611111111111 0.17671130952380953
1 0.4836309523809524 0.5524553571428571 0.03273809523809524 0.17113095238095238
1 0.2092013888888889 0.14341517857142858 0.033482142857142856 0.12686011904761904
1 0.17299107142857142 0.13392857142857142 0.03249007936507937 0.14583333333333334
1 0.11693948412698413 0.1331845238095238 0.041914682539682536 0.1488095238095238
1 0.14955357142857142 0.5509672619047619 0.026785714285714284 0.17708333333333334
0 0.8794642857142857 0.5669642857142857 0.03968253968253968 0.03125
0 0.9596974206349206 0.5649181547619048 0.03993055555555555 0.03162202380952381
1 0.8110119047619048 0.8558407738095238 0.03125 0.14174107142857142
1 0.7710813492063492 0.8534226190476191 0.03571428571428571 0.1331845238095238
1 0.3621031746031746 0.14601934523809523 0.03720238095238095 0.11941964285714286
1 0.7352430555555556 0.8528645833333334 0.03447420634920635 0.13206845238095238
1 0.6953125 0.8521205357142857 0.03249007936507937 0.13058035714285715
0 0.7185019841269841 0.7628348214285714 0.03670634920634921 0.025669642857142856
0 0.6661706349206349 0.7613467261904762 0.03968253968253968 0.03162202380952381
0 0.623015873015873 0.76171875 0.03521825396825397 0.026413690476190476
0 0.5845734126984127 0.7606026785714286 0.03720238095238095 0.028645833333333332
0 0.5458829365079365 0.7602306547619048 0.036210317460317464 0.030877976190476192
0 0.5756448412698413 0.14378720238095238 0.03819444444444445 0.028645833333333332
0 0.9594494047619048 0.1449032738095238 0.041914682539682536 0.029389880952380952
0 0.026413690476190476 0.6822916666666666 0.036458333333333336 0.031994047619047616
0 0.5467509920634921 0.5649181547619048 0.038938492063492064 0.030133928571428572
0 0.619171626984127 0.5671502976190477 0.03695436507936508 0.028645833333333332
0 0.8267609126984127 0.5695684523809523 0.03993055555555555 0.031994047619047616
1 0.40811011904761907 0.9547991071428571 0.031994047619047616 0.08891369047619048
1 0.3725198412698413 0.9553571428571429 0.028273809523809524 0.08854166666666667
1 0.33804563492063494 0.9542410714285714 0.03571428571428571 0.0900297619047619
1 0.3055555555555556 0.9544270833333334 0.027281746031746032 0.09040178571428571
1 0.27529761904761907 0.9529389880952381 0.02976190476190476 0.09337797619047619
0 0.7826140873015873 0.14508928571428573 0.040426587301587304 0.03422619047619048
0 0.26587301587301587 0.8911830357142857 0.03422619047619048 0.030133928571428572
0 0.23115079365079366 0.8934151785714286 0.03521825396825397 0.03459821428571429
0 0.19543650793650794 0.8934151785714286 0.03125 0.03459821428571429
0 0.6749751984126984 0.3470982142857143 0.040426587301587304 0.03794642857142857
0 0.5973462301587301 0.34728422619047616 0.03943452380952381 0.027157738095238096
0 0.5421626984126984 0.34802827380952384 0.037698412698412696 0.028645833333333332
0 0.5372023809523809 0.1449032738095238 0.03521825396825397 0.030877976190476192
1 0.3158482142857143 0.5531994047619048 0.028521825396825396 0.17559523809523808
1 0.3814484126984127 0.7760416666666666 0.028769841269841268 0.17261904761904762
1 0.35131448412698413 0.7710193452380952 0.031001984126984128 0.1796875
0 0.3629712301587302 0.22767857142857142 0.038938492063492064 0.03571428571428571
0 0.8860367063492064 0.34654017857142855 0.04241071428571429 0.028645833333333332
0 0.806671626984127 0.34802827380952384 0.04092261904761905 0.03162202380952381
0 0.7357390873015873 0.34802827380952384 0.04092261904761905 0.030133928571428572
0 0.9562251984126984 0.34281994047619047 0.044890873015873016 0.02492559523809524
0 0.871155753968254 0.1441592261904762 0.040426587301587304 0.030877976190476192
1 0.13913690476190477 0.9562872023809523 0.028769841269841268 0.08668154761904762
1 0.10838293650793651 0.9605654761904762 0.030257936507936508 0.078125
0 0.3776041666666667 0.8934151785714286 0.031001984126984128 0.03459821428571429
0 0.3421378968253968 0.8919270833333334 0.03249007936507937 0.028645833333333332
0 0.3046875 0.8934151785714286 0.040426587301587304 0.03311011904761905
0 0.07428075396825397 0.8954613095238095 0.03943452380952381 0.03273809523809524
0 0.026909722222222224 0.8956473214285714 0.03794642857142857 0.028645833333333332
0 0.5483630952380952 0.9534970238095238 0.03521825396825397 0.03422619047619048
0 0.5843253968253969 0.9516369047619048 0.034722222222222224 0.031994047619047616
0 0.6240079365079365 0.9520089285714286 0.03720238095238095 0.03125
0 0.6883680555555556 0.9516369047619048 0.041914682539682536 0.03050595238095238
0 0.746031746031746 0.9534970238095238 0.03720238095238095 0.03273809523809524
0 0.6858878968253969 0.5667782738095238 0.03993055555555555 0.027901785714285716
0 0.6340525793650794 0.14471726190476192 0.037450396825396824 0.036458333333333336
0 0.7023809523809523 0.14657738095238096 0.04017857142857143 0.03125
0 0.9143105158730159 0.14601934523809523 0.045882936507936505 0.028645833333333332
0 0.015749007936507936 0.22712053571428573 0.03149801587301587 0.039806547619047616
1 0.32006448412698413 0.7734375 0.029513888888888888 0.17782738095238096
1 0.19196428571428573 0.7721354166666666 0.028769841269841268 0.1722470238095238
1 0.8917410714285714 0.0818452380952381 0.036458333333333336 0.0818452380952381
