0 0.28403444849287846 0.5998927326360954 0.030142431268631996 0.012872083668543845
1 0.1906260351109639 0.4553499597747385 0.0665783371977476 0.0863502279431483
1 0.2144749917191123 0.5797801019039958 0.05067903279231534 0.06382408152319657
0 0.12620072871811858 0.5942611960311075 0.03246107982775753 0.018235451863770447
1 0.40162305399138787 0.35693215339233036 0.06260351109638954 0.05846071332796997
1 0.25886054985094403 0.45427728613569324 0.06989069228221265 0.08849557522123894
1 0.2858562437893342 0.5783051756503084 0.04769791321629679 0.06516492357200322
1 0.5409075852931434 0.5935907750067042 0.05233521033454786 0.039420756234915526
1 0.46174229877442863 0.5930544381871815 0.052997681351440874 0.03888441941539287
1 0.47151374627360054 0.47385358004827033 0.05929115601192448 0.0498793242156074
1 0.6548526001987413 0.47438991686779297 0.045048029148724744 0.05095199785465272
1 0.0788340510102683 0.4674175382139984 0.0728718118582312 0.06436041834271923
1 0.019708512752567076 0.46728345400911775 0.03941702550513415 0.06462858675248055
1 0.6165948989731699 0.5934566908018235 0.05399138787678039 0.038616251005631534
1 0.6465717124875787 0.34861893268972916 0.06293474660483604 0.07669616519174041
1 0.5791652865187148 0.3503620273531778 0.06459092414706856 0.07374631268436578
1 0.38737992712818814 0.6956288549208903 0.05399138787678039 0.060069723786537944
1 0.021530308049022857 0.6827567712523465 0.04306061609804571 0.08688656476267095
1 0.48509440211990723 0.6968356127648163 0.05266644584299437 0.06033789219629927
0 0.242464392182842 0.5950657012603915 0.013249420337860219 0.011263073209975865
0 0.010102683007618418 0.5525610083132207 0.020205366015236835 0.0195762939125771
1 0.4032792315336204 0.5909090909090909 0.05134150380920835 0.038348082595870206
1 0.3872143093739649 0.4788146956288549 0.052997681351440874 0.04317511397157415
1 0.5693938390195429 0.47438991686779297 0.051010268300761843 0.05095199785465272
1 0.4870818151705863 0.3508983641727005 0.05332891685988738 0.07106462858675248
1 0.023352103345478634 0.5662375972110485 0.04670420669095727 0.09305443818718155
0 0.20934084133819145 0.6009654062751408 0.030473666777078502 0.012335746849021185
0 0.25571381252070224 0.47479216948243497 0.024511427625041403 0.009385894341646554
0 0.1909572706194104 0.47063555913113436 0.027492547201059953 0.009654062751407884
1 0.25008280887711165 0.5777688388307858 0.018549188473004307 0.05819254491820863
1 0.12967870155680689 0.5760257441673371 0.05134150380920835 0.06972378653794584
0 0.07121563431599867 0.48565299007776885 0.0423981450811527 0.02038079914186109
0 0.014905597880092747 0.48189863234111024 0.029811195760185493 0.016626441405202468
0 0.3847300430606161 0.4877983373558595 0.03080490228552501 0.013944757307589166
