1 0.018563080096253008 0.007936507936507936 0.03643863870745961 0.015873015873015872
1 0.0178755586112066 0.033482142857142856 0.0357511172224132 0.06101190476190476
1 0.018047438982468203 0.08345734126984126 0.036094877964936406 0.06274801587301587
1 0.06909590924716398 0.012152777777777778 0.06600206256445514 0.024305555555555556
1 0.06806462701959436 0.042534722222222224 0.06393949810931591 0.057787698412698416
1 0.13131660364386388 0.04538690476190476 0.0625644551392231 0.05853174603174603
1 0.13148848401512547 0.09399801587301587 0.06497078033688553 0.05803571428571429
1 0.06668958404950155 0.09188988095238096 0.06462701959436232 0.05828373015873016
1 0.0178755586112066 0.13033234126984128 0.0357511172224132 0.05580357142857143
1 0.06823650739085596 0.13516865079365079 0.06565830182193194 0.04662698412698413
1 0.13131660364386388 0.13653273809523808 0.06325197662426951 0.04389880952380952
1 0.13200412512891027 0.01029265873015873 0.05981436919903747 0.02058531746031746
1 0.19302165692677897 0.012648809523809524 0.0629082158817463 0.025297619047619048
1 0.19216225507047094 0.04303075396825397 0.06325197662426951 0.054811507936507936
1 0.2535235476108628 0.01277281746031746 0.058783086971467856 0.02554563492063492
1 0.2545548298384325 0.04352678571428571 0.057408044001375044 0.053323412698412696
1 0.31110347198349947 0.009300595238095238 0.051564111378480576 0.018601190476190476
1 0.3123066345823307 0.042162698412698416 0.056720522516328635 0.05555555555555555
1 0.3753867308353386 0.01103670634920635 0.058439326228944655 0.0220734126984127
1 0.3759023719491234 0.04365079365079365 0.061533172911653486 0.05803571428571429
1 0.376074252320385 0.0920138888888889 0.0625644551392231 0.05357142857142857
1 0.31385355792368513 0.09151785714285714 0.060501890684083875 0.05406746031746032
1 0.19336541766930215 0.09375 0.0629082158817463 0.05654761904761905
1 0.25575799243726366 0.09474206349206349 0.060501890684083875 0.054563492063492064
1 0.1942248195256102 0.13678075396825398 0.061876933654176694 0.04241071428571429
1 0.2543829494671708 0.13690476190476192 0.060501890684083875 0.042162698412698416
1 0.31643176349260915 0.13616071428571427 0.0629082158817463 0.04265873015873016
1 0.3776211756617394 0.13603670634920634 0.060158129941560674 0.04241071428571429
1 0.4374355448607769 0.1349206349206349 0.061533172911653486 0.043154761904761904
1 0.499140598143692 0.13430059523809523 0.061189412169130285 0.04389880952380952
1 0.5611894121691303 0.13343253968253968 0.061533172911653486 0.04365079365079365
1 0.43881058783086974 0.0920138888888889 0.059470608456514265 0.05654761904761905
1 0.49862495702990717 0.08978174603174603 0.060845651426607084 0.05505952380952381
1 0.5613612925403919 0.08940972222222222 0.061189412169130285 0.05679563492063492
1 0.6228944654520454 0.1328125 0.061876933654176694 0.04439484126984127
1 0.6235819869370918 0.08916170634920635 0.061189412169130285 0.05679563492063492
1 0.43623238226194566 0.010416666666666666 0.061189412169130285 0.020833333333333332
1 0.4364042626332073 0.041294642857142856 0.061533172911653486 0.05679563492063492
1 0.49862495702990717 0.040426587301587304 0.060845651426607084 0.05654761904761905
1 0.498281196287384 0.009672619047619048 0.062220694396699895 0.019345238095238096
1 0.5596424888277759 0.009548611111111112 0.061189412169130285 0.019097222222222224
1 0.5598143691990375 0.041294642857142856 0.058095565486421454 0.05580357142857143
1 0.6218631832244758 0.00744047619047619 0.06325197662426951 0.01488095238095238
1 0.6237538673083534 0.0390625 0.061533172911653486 0.057291666666666664
1 0.6858026813337916 0.008432539682539682 0.061876933654176694 0.016865079365079364
1 0.7473358542454451 0.008308531746031746 0.061189412169130285 0.016617063492063492
1 0.810415950498453 0.006324404761904762 0.06565830182193194 0.012648809523809524
1 0.8112753523547611 0.03273809523809524 0.06393949810931591 0.056051587301587304
1 0.6851151598487453 0.037698412698412696 0.06325197662426951 0.05952380952380952
1 0.7476796149879684 0.03757440476190476 0.061189412169130285 0.057291666666666664
1 0.8745273289790306 0.032862103174603176 0.061876933654176694 0.05530753968253968
1 0.6859745617050533 0.0876736111111111 0.060158129941560674 0.056299603174603176
1 0.7475077346167067 0.08630952380952381 0.060845651426607084 0.05505952380952381
1 0.8109315916122379 0.08308531746031746 0.0625644551392231 0.05654761904761905
1 0.6858026813337916 0.1318204365079365 0.060501890684083875 0.044890873015873016
1 0.7481952561017532 0.13120039682539683 0.059470608456514265 0.044642857142857144
1 0.810415950498453 0.12946428571428573 0.06428325885183912 0.047619047619047616
1 0.8750429700928154 0.005580357142857143 0.0629082158817463 0.011160714285714286
1 0.9377793056033001 0.005704365079365079 0.061189412169130285 0.011408730158730158
1 0.984015125472671 0.005704365079365079 0.03128222756961155 0.011408730158730158
1 0.9369199037469921 0.032614087301587304 0.061533172911653486 0.05679563492063492
1 0.9848745273289791 0.031994047619047616 0.030250945342041938 0.05555555555555555
1 0.8750429700928154 0.08172123015873016 0.062220694396699895 0.05431547619047619
1 0.9384668270883465 0.08134920634920635 0.0625644551392231 0.05654761904761905
1 0.9843588862151942 0.08085317460317461 0.03128222756961155 0.05704365079365079
1 0.8755586112066002 0.12785218253968253 0.061876933654176694 0.04836309523809524
1 0.9386387074596081 0.1271081349206349 0.0629082158817463 0.048859126984126984
1 0.9852182880715022 0.1263640873015873 0.028875902371949123 0.047371031746031744
1 0.019938123066345823 0.2058531746031746 0.039876246132691646 0.062003968253968256
1 0.07218975592987281 0.2160218253968254 0.06325197662426951 0.059027777777777776
1 0.1340666895840495 0.2177579365079365 0.058439326228944655 0.05654761904761905
1 0.19353729804056377 0.21688988095238096 0.061189412169130285 0.05580357142857143
1 0.25472671020969406 0.21639384920634921 0.061189412169130285 0.05679563492063492
1 0.019766242695084223 0.25744047619047616 0.039532485390168445 0.057539682539682536
1 0.0718459951873496 0.26674107142857145 0.06531454107940873 0.05679563492063492
1 0.1330354073564799 0.26773313492063494 0.061876933654176694 0.05431547619047619
1 0.1942248195256102 0.2666170634920635 0.061876933654176694 0.057539682539682536
1 0.2543829494671708 0.2672371031746032 0.061189412169130285 0.056299603174603176
1 0.020281883808869028 0.3084077380952381 0.040563767617738056 0.05927579365079365
1 0.020281883808869028 0.35726686507936506 0.040563767617738056 0.05679563492063492
1 0.0713303540735648 0.31374007936507936 0.06497078033688553 0.05357142857142857
1 0.1344104503265727 0.31560019841269843 0.059126847713991064 0.05381944444444445
1 0.07218975592987281 0.3607390873015873 0.06325197662426951 0.048859126984126984
1 0.13320728772774149 0.36160714285714285 0.060158129941560674 0.047619047619047616
1 0.19353729804056377 0.31398809523809523 0.061189412169130285 0.052083333333333336
1 0.19456858026813337 0.3609871031746032 0.0625644551392231 0.047371031746031744
1 0.25558611206600207 0.3149801587301587 0.06428325885183912 0.053075396825396824
1 0.2569611550360949 0.36123511904761907 0.0629082158817463 0.046378968253968256
1 0.31488484015125473 0.2152777777777778 0.0625644551392231 0.05803571428571429
1 0.3750429700928154 0.21478174603174602 0.06325197662426951 0.05803571428571429
1 0.4369199037469921 0.21428571428571427 0.061189412169130285 0.057539682539682536
1 0.4996562392574768 0.21354166666666666 0.0629082158817463 0.05853174603174603
1 0.31625988312134756 0.26512896825396826 0.060501890684083875 0.05357142857142857
1 0.376933654176693 0.2648809523809524 0.0635957373667927 0.05555555555555555
1 0.4381230663458233 0.2646329365079365 0.0629082158817463 0.05505952380952381
1 0.5008594018563081 0.26413690476190477 0.0625644551392231 0.05555555555555555
1 0.3159161223788243 0.3141121031746032 0.061876933654176694 0.053323412698412696
1 0.3774492952904778 0.31374007936507936 0.0625644551392231 0.05357142857142857
1 0.3179786868339636 0.36148313492063494 0.0625644551392231 0.047371031746031744
1 0.37899621863183225 0.36049107142857145 0.062220694396699895 0.04935515873015873
1 0.4394981093159161 0.3142361111111111 0.0635957373667927 0.054563492063492064
1 0.44070127191474734 0.36086309523809523 0.061876933654176694 0.047619047619047616
1 0.5012031625988312 0.3602430555555556 0.061876933654176694 0.047867063492063495
1 0.5013750429700928 0.3131200396825397 0.060845651426607084 0.05381944444444445
1 0.5625644551392232 0.3132440476190476 0.061533172911653486 0.05357142857142857
1 0.5632519766242695 0.3599950396825397 0.060845651426607084 0.047371031746031744
1 0.623925747679615 0.359375 0.061876933654176694 0.04811507936507937
1 0.6866620831900997 0.35825892857142855 0.0635957373667927 0.04836309523809524
1 0.7502578205568924 0.35714285714285715 0.0635957373667927 0.04861111111111111
1 0.6246132691646614 0.3111359126984127 0.061876933654176694 0.051835317460317464
1 0.6868339635613613 0.3097718253968254 0.06393949810931591 0.053075396825396824
1 0.7502578205568924 0.3090277777777778 0.062220694396699895 0.052083333333333336
1 0.5618769336541767 0.2130456349206349 0.062220694396699895 0.057539682539682536
1 0.5622206943966999 0.2642609126984127 0.0629082158817463 0.054811507936507936
1 0.6242695084221382 0.21217757936507936 0.0625644551392231 0.05679563492063492
1 0.624785149535923 0.2622767857142857 0.061533172911653486 0.05580357142857143
1 0.6858026813337916 0.21081349206349206 0.0625644551392231 0.05704365079365079
1 0.6871777243038845 0.259796626984127 0.0625644551392231 0.053323412698412696
1 0.7493984187005844 0.20932539682539683 0.0625644551392231 0.05555555555555555
1 0.7492265383293228 0.2584325396825397 0.061533172911653486 0.05257936507936508
1 0.8124785149535922 0.2074652777777778 0.0629082158817463 0.05530753968253968
1 0.8759023719491235 0.20696924603174602 0.06462701959436232 0.056299603174603176
1 0.9405293915434857 0.20647321428571427 0.06462701959436232 0.056299603174603176
1 0.8759023719491235 0.25744047619047616 0.06462701959436232 0.05406746031746032
1 0.8123066345823307 0.25756448412698413 0.0625644551392231 0.05431547619047619
1 0.9400137504297009 0.2560763888888889 0.0635957373667927 0.05530753968253968
1 0.9867652114128567 0.20473710317460317 0.025782055689240288 0.056299603174603176
1 0.9864214506703335 0.2553323412698413 0.027157098659333103 0.05431547619047619
1 0.8762461326916466 0.3081597222222222 0.06325197662426951 0.05381944444444445
1 0.9398418700584393 0.3074156746031746 0.06462701959436232 0.05431547619047619
1 0.9859058095565486 0.30580357142857145 0.027500859401856308 0.05357142857142857
1 0.8133379168099003 0.30766369047619047 0.06462701959436232 0.05431547619047619
1 0.8138535579236851 0.3557787698412698 0.06497078033688553 0.05084325396825397
1 0.8772774149192162 0.3556547619047619 0.061876933654176694 0.0496031746031746
1 0.9407012719147473 0.3549107142857143 0.06497078033688553 0.05009920634920635
1 0.9872808525266414 0.3541666666666667 0.025438294946717083 0.05109126984126984
1 0.9919216225507047 0.43253968253968256 0.015469233413544173 0.0496031746031746
1 0.952045376418013 0.4321676587301587 0.062220694396699895 0.04985119047619048
1 0.8865589549673427 0.4322916666666667 0.06393949810931591 0.050595238095238096
1 0.821244413887934 0.43365575396825395 0.06600206256445514 0.04985119047619048
1 0.9922653832932279 0.482390873015873 0.014781711928497766 0.0496031746031746
1 0.9515297353042282 0.4826388888888889 0.06462701959436232 0.050595238095238096
1 0.8853557923685115 0.48288690476190477 0.0629082158817463 0.051587301587301584
1 0.8214162942591956 0.48462301587301587 0.062220694396699895 0.050595238095238096
1 0.7557579924372637 0.435515873015873 0.06497078033688553 0.052083333333333336
1 0.757304915778618 0.4849950396825397 0.06325197662426951 0.05233134920634921
1 0.9919216225507047 0.5324900793650794 0.01615675489859058 0.050595238095238096
1 0.9511859745617051 0.5321180555555556 0.06531454107940873 0.05233134920634921
1 0.8863870745960811 0.5326140873015873 0.0635957373667927 0.051835317460317464
1 0.822103815744242 0.5341021825396826 0.0635957373667927 0.05084325396825397
1 0.7586799587487109 0.5337301587301587 0.06325197662426951 0.051587301587301584
1 0.9934685458920591 0.5832093253968254 0.013062908215881746 0.051835317460317464
1 0.9523891371605363 0.5830853174603174 0.06634582330697834 0.05357142857142857
1 0.8875902371949124 0.5825892857142857 0.06600206256445514 0.05257936507936508
1 0.82296321760055 0.5830853174603174 0.06531454107940873 0.051587301587301584
1 0.7595393606050189 0.5830853174603174 0.0635957373667927 0.051587301587301584
1 0.4467170849089034 0.5334821428571429 0.060845651426607084 0.0496031746031746
1 0.5084221381918185 0.533234126984127 0.0625644551392231 0.05009920634920635
1 0.569955311103472 0.5328621031746031 0.0625644551392231 0.04935515873015873
1 0.6333791680990031 0.5336061507936508 0.062220694396699895 0.04985119047619048
1 0.6955998624957029 0.5342261904761905 0.06428325885183912 0.050595238095238096
1 0.44688896528016503 0.5828373015873016 0.061189412169130285 0.050595238095238096
1 0.5094534204193881 0.5824652777777778 0.0625644551392231 0.05233134920634921
1 0.5709865933310416 0.5822172619047619 0.060501890684083875 0.051835317460317464
1 0.6335510484702647 0.5828373015873016 0.061876933654176694 0.051587301587301584
1 0.696459264352011 0.5825892857142857 0.06393949810931591 0.05257936507936508
1 0.44688896528016503 0.43638392857142855 0.060501890684083875 0.05084325396825397
1 0.5077346167067721 0.43601190476190477 0.061876933654176694 0.05109126984126984
1 0.569955311103472 0.435515873015873 0.0625644551392231 0.05257936507936508
1 0.629941560673771 0.43737599206349204 0.058095565486421454 0.04935515873015873
1 0.6925060158129942 0.43625992063492064 0.06634582330697834 0.05257936507936508
1 0.4474046063939498 0.48449900793650796 0.060158129941560674 0.04985119047619048
1 0.5089377793056034 0.48487103174603174 0.060845651426607084 0.05009920634920635
1 0.5704709522172567 0.48449900793650796 0.061533172911653486 0.04985119047619048
1 0.6326916466139567 0.4857390873015873 0.060845651426607084 0.05084325396825397
1 0.694740460639395 0.4851190476190476 0.06462701959436232 0.050595238095238096
1 0.3843245101409419 0.43762400793650796 0.060501890684083875 0.050347222222222224
1 0.32279133722928843 0.43712797619047616 0.061189412169130285 0.053323412698412696
1 0.2603987624613269 0.4375 0.060845651426607084 0.050595238095238096
1 0.1962873839807494 0.4375 0.06462701959436232 0.05109126984126984
1 0.38518391199724994 0.4857390873015873 0.060845651426607084 0.04836309523809524
1 0.32347885871433485 0.48561507936507936 0.061189412169130285 0.050595238095238096
1 0.2597112409762805 0.4861111111111111 0.0635957373667927 0.051587301587301584
1 0.195599862495703 0.4868551587301587 0.06325197662426951 0.051587301587301584
1 0.13200412512891027 0.486359126984127 0.0625644551392231 0.051587301587301584
1 0.13200412512891027 0.4368799603174603 0.06393949810931591 0.053323412698412696
1 0.3843245101409419 0.5345982142857143 0.0625644551392231 0.050347222222222224
1 0.3214162942591956 0.5349702380952381 0.060501890684083875 0.051587301587301584
1 0.25936748023375733 0.535218253968254 0.0629082158817463 0.051587301587301584
1 0.195599862495703 0.5355902777777778 0.061876933654176694 0.05233134920634921
1 0.1335510484702647 0.5359623015873016 0.0635957373667927 0.05109126984126984
1 0.1344104503265727 0.5848214285714286 0.06325197662426951 0.05109126984126984
1 0.1969749054657958 0.5848214285714286 0.061876933654176694 0.05109126984126984
1 0.2597112409762805 0.5845734126984127 0.0635957373667927 0.050595238095238096
1 0.3231350979718116 0.5838293650793651 0.061876933654176694 0.05109126984126984
1 0.38518391199724994 0.5832093253968254 0.0629082158817463 0.05233134920634921
1 0.071674114816088 0.5843253968253969 0.062220694396699895 0.052083333333333336
1 0.020281883808869028 0.5846974206349206 0.039876246132691646 0.05084325396825397
1 0.0709865933310416 0.5353422619047619 0.059470608456514265 0.05084325396825397
1 0.02045376418013063 0.5337301587301587 0.04022000687521485 0.05109126984126984
1 0.019938123066345823 0.43365575396825395 0.03850120316259883 0.051835317460317464
1 0.06926778961842557 0.435515873015873 0.060158129941560674 0.05357142857142857
1 0.020110003437607424 0.4833829365079365 0.04022000687521485 0.0496031746031746
1 0.07029907184599518 0.48561507936507936 0.062220694396699895 0.050595238095238096
1 0.021141285665177038 0.660218253968254 0.041595049845307666 0.05257936507936508
1 0.07356479889996563 0.6619543650793651 0.061876933654176694 0.05257936507936508
1 0.13509797181161912 0.6613343253968254 0.061189412169130285 0.05282738095238095
1 0.1961155036094878 0.6613343253968254 0.060845651426607084 0.05381944444444445
1 0.020969405293915434 0.7092013888888888 0.04193881058783087 0.05580357142857143
1 0.07304915778618082 0.7110615079365079 0.061533172911653486 0.05357142857142857
1 0.1347542110690959 0.7104414682539683 0.05981436919903747 0.05431547619047619
1 0.1962873839807494 0.7109375 0.061189412169130285 0.05580357142857143
1 0.020281883808869028 0.7594246031746031 0.040563767617738056 0.056051587301587304
1 0.0718459951873496 0.7600446428571429 0.06325197662426951 0.054811507936507936
1 0.13458233069783432 0.7604166666666666 0.061533172911653486 0.05406746031746032
1 0.1968030250945342 0.7621527777777778 0.0629082158817463 0.053075396825396824
1 0.020110003437607424 0.8095238095238095 0.04022000687521485 0.05704365079365079
1 0.0718459951873496 0.8081597222222222 0.061876933654176694 0.05580357142857143
1 0.1321760055001719 0.8092757936507936 0.0635957373667927 0.05654761904761905
1 0.19714678583705741 0.8108878968253969 0.0635957373667927 0.054811507936507936
1 0.030938466827088347 0.8887648809523809 0.060501890684083875 0.06572420634920635
1 0.09350292196631145 0.8896329365079365 0.06462701959436232 0.06498015873015874
1 0.161051907872121 0.8897569444444444 0.07047095221725679 0.06919642857142858
1 0.22791337229288416 0.8914930555555556 0.060501890684083875 0.06870039682539683
1 0.03282915091096597 0.9445684523809523 0.059470608456514265 0.06125992063492063
1 0.09504984530766586 0.9432043650793651 0.06634582330697834 0.0625
1 0.161051907872121 0.947296626984127 0.06978343073221038 0.06125992063492063
1 0.22860089377793055 0.9490327380952381 0.06600206256445514 0.06374007936507936
1 0.03764180130629082 0.9815228174603174 0.050532829150910966 0.035962301587301584
1 0.09573736679271228 0.9830109126984127 0.06634582330697834 0.0339781746031746
1 0.1624269508422138 0.9840029761904762 0.06978343073221038 0.031994047619047616
1 0.2303196974905466 0.9848710317460317 0.06393949810931591 0.02976190476190476
1 0.980577518047439 0.8918650793650794 0.03815744242007563 0.07192460317460317
1 0.9204193881058783 0.8931051587301587 0.07665864558267446 0.07837301587301587
1 0.8463389480921278 0.8911210317460317 0.06737710553454795 0.07192460317460317
1 0.2591955998624957 0.6618303571428571 0.0625644551392231 0.05381944444444445
1 0.3215881746304572 0.6618303571428571 0.060158129941560674 0.053323412698412696
1 0.3838088690271571 0.6613343253968254 0.061533172911653486 0.05282738095238095
1 0.4465452045376418 0.6624503968253969 0.06325197662426951 0.05357142857142857
1 0.25850807837744927 0.7121775793650794 0.0625644551392231 0.05431547619047619
1 0.3214162942591956 0.7116815476190477 0.061189412169130285 0.054811507936507936
1 0.3831213475421107 0.7118055555555556 0.0629082158817463 0.05505952380952381
1 0.4456858026813338 0.7119295634920635 0.0629082158817463 0.05679563492063492
1 0.2581643176349261 0.7605406746031746 0.061876933654176694 0.056299603174603176
1 0.3196974905465796 0.7614087301587301 0.0625644551392231 0.056051587301587304
1 0.3832932279133723 0.7621527777777778 0.06325197662426951 0.05704365079365079
1 0.2591955998624957 0.8100198412698413 0.0625644551392231 0.05555555555555555
1 0.3205568924028876 0.8102678571428571 0.060158129941560674 0.05704365079365079
1 0.3832932279133723 0.8117559523809523 0.06325197662426951 0.05654761904761905
1 0.446029563423857 0.8116319444444444 0.062220694396699895 0.057291666666666664
1 0.5080783774492953 0.8098958333333334 0.061189412169130285 0.057787698412698416
1 0.5721897559298728 0.8097718253968254 0.06565830182193194 0.06001984126984127
1 0.4470608456514266 0.7607886904761905 0.062220694396699895 0.05828373015873016
1 0.5089377793056034 0.7609126984126984 0.059470608456514265 0.05654761904761905
1 0.5715022344448264 0.7611607142857143 0.0635957373667927 0.05853174603174603
1 0.6350979718116191 0.7609126984126984 0.062220694396699895 0.05803571428571429
1 0.6957717428669646 0.7610367063492064 0.061189412169130285 0.05679563492063492
1 0.6345823306978343 0.8112599206349206 0.06393949810931591 0.05803571428571429
1 0.9941560673771055 0.6625744047619048 0.011687865245788931 0.051835317460317464
1 0.9532485390168443 0.6633184523809523 0.06668958404950155 0.05431547619047619
1 0.8887933997937435 0.6623263888888888 0.061533172911653486 0.05431547619047619
1 0.8250257820556892 0.6629464285714286 0.06393949810931591 0.05555555555555555
1 0.7605706428325886 0.6615823412698413 0.0629082158817463 0.05828373015873016
1 0.7600550017188037 0.7114335317460317 0.06531454107940873 0.057291666666666664
1 0.8257133035407357 0.7121775793650794 0.06531454107940873 0.05828373015873016
1 0.88948092127879 0.7124255952380952 0.0629082158817463 0.05828373015873016
1 0.9544517016156755 0.7134176587301587 0.06772086627707116 0.060267857142857144
1 0.5082502578205569 0.6613343253968254 0.062220694396699895 0.05381944444444445
1 0.5706428325885184 0.6610863095238095 0.06393949810931591 0.05530753968253968
1 0.6352698521828807 0.6623263888888888 0.05981436919903747 0.05530753968253968
1 0.6969749054657958 0.6619543650793651 0.061533172911653486 0.05505952380952381
1 0.5085940185630801 0.7108134920634921 0.062220694396699895 0.056051587301587304
1 0.5704709522172567 0.7110615079365079 0.06428325885183912 0.05654761904761905
1 0.6347542110690959 0.7113095238095238 0.0629082158817463 0.056051587301587304
1 0.6966311447232726 0.7115575396825397 0.060845651426607084 0.05704365079365079
1 0.6974905465795807 0.8095238095238095 0.0625644551392231 0.057539682539682536
1 0.7617738054314197 0.7619047619047619 0.06600206256445514 0.059027777777777776
1 0.7617738054314197 0.8116319444444444 0.06531454107940873 0.058779761904761904
1 0.8282915091096597 0.7633928571428571 0.0635957373667927 0.05704365079365079
1 0.8281196287383981 0.8121279761904762 0.06668958404950155 0.058779761904761904
1 0.892918528704022 0.8129960317460317 0.06497078033688553 0.06001984126984127
1 0.9559986249570299 0.8136160714285714 0.06668958404950155 0.061755952380952384
1 0.892059126847714 0.7612847222222222 0.06325197662426951 0.05679563492063492
1 0.9563423856995531 0.7638888888888888 0.06668958404950155 0.05853174603174603
1 0.9946717084908904 0.7943948412698413 0.009969061533172912 0.020833333333333332
1 0.9946717084908904 0.7635168650793651 0.009969061533172912 0.051835317460317464
1 0.9943279477483672 0.7126736111111112 0.011344104503265727 0.05084325396825397
1 0.64162942591956 0.8932291666666666 0.072533516672396 0.07862103174603174
1 0.7114128566517703 0.8916170634920635 0.0629082158817463 0.06944444444444445
1 0.7787899621863184 0.8936011904761905 0.07047095221725679 0.07242063492063493
1 0.2939154348573393 0.894593253968254 0.07081471295978 0.0763888888888889
1 0.3642145067033345 0.8891369047619048 0.0718459951873496 0.07886904761904762
1 0.4339979374355449 0.886656746031746 0.06634582330697834 0.07589285714285714
1 0.2963217600550017 0.9515128968253969 0.07218975592987281 0.06671626984126984
1 0.3669645926435201 0.9507688492063492 0.0718459951873496 0.0642361111111111
1 0.43520110003437606 0.9466765873015873 0.06531454107940873 0.062003968253968256
1 0.2954623581986937 0.9846230158730159 0.06909590924716398 0.030753968253968252
1 0.36748023375730493 0.984375 0.07287727741491921 0.03125
1 0.4350292196631145 0.982390873015873 0.06428325885183912 0.03521825396825397
1 0.5029219663114473 0.9831349206349206 0.06943966998968717 0.033234126984126984
1 0.503437607425232 0.9487847222222222 0.07047095221725679 0.0642361111111111
1 0.5010312822275697 0.8895089285714286 0.06772086627707116 0.07713293650793651
1 0.571674114816088 0.8872767857142857 0.06943966998968717 0.07366071428571429
1 0.5720178755586112 0.9451884920634921 0.06737710553454795 0.06448412698412699
1 0.642488827775868 0.9522569444444444 0.0715022344448264 0.07018849206349206
1 0.7100378136816775 0.9469246031746031 0.061533172911653486 0.06547619047619048
1 0.5730491577861808 0.9825148809523809 0.06668958404950155 0.0339781746031746
1 0.6423169474046064 0.9856150793650794 0.072533516672396 0.028769841269841268
1 0.7096940529391543 0.9842509920634921 0.062220694396699895 0.03050595238095238
1 0.7779305603300103 0.9506448412698413 0.0715022344448264 0.07043650793650794
1 0.8463389480921278 0.947296626984127 0.06393949810931591 0.06572420634920635
1 0.9199037469920935 0.9532490079365079 0.07768992781024407 0.06522817460317461
1 0.9807493984187006 0.9497767857142857 0.037813681677552426 0.061755952380952384
1 0.980577518047439 0.9851190476190477 0.038844963905122036 0.02976190476190476
1 0.9193881058783087 0.9836309523809523 0.07803368855276728 0.03273809523809524
1 0.8468545892059127 0.9828869047619048 0.06565830182193194 0.03373015873015873
1 0.7774149192162255 0.9849950396825397 0.072533516672396 0.029017857142857144
