1 0.38766339869281047 0.12178308823529412 0.020016339869281044 0.15778186274509803
1 0.3574346405228758 0.12637867647058823 0.018790849673202614 0.15226715686274508
1 0.3290441176470588 0.1254595588235294 0.02287581699346405 0.1485906862745098
1 0.01889297385620915 0.13863357843137256 0.016544117647058824 0.14613970588235295
1 0.004697712418300653 0.1326593137254902 0.008986928104575163 0.16115196078431374
0 0.9447508169934641 0.22365196078431374 0.03451797385620915 0.04656862745098039
0 0.8792892156862745 0.20802696078431374 0.032679738562091505 0.017769607843137254
0 0.0991625816993464 0.8209252450980392 0.029616013071895424 0.018688725490196078
1 0.5427900326797386 0.9329044117647058 0.09538398692810457 0.12806372549019607
1 0.6430759803921569 0.9335171568627451 0.09906045751633986 0.13174019607843138
1 0.7368259803921569 0.9286151960784313 0.09456699346405228 0.14215686274509803
1 0.8293504901960784 0.9341299019607843 0.10600490196078431 0.12806372549019607
0 0.4627246732026144 0.41513480392156865 0.032475490196078434 0.018995098039215685
0 0.40032679738562094 0.43673406862745096 0.03594771241830065 0.0585171568627451
0 0.34446486928104575 0.4384191176470588 0.03533496732026144 0.061887254901960786
0 0.048508986928104576 0.41942401960784315 0.02185457516339869 0.0196078431372549
0 0.3983864379084967 0.8435968137254902 0.034109477124183 0.05422794117647059
0 0.1733047385620915 0.8219975490196079 0.03125 0.014705882352941176
0 0.6324550653594772 0.2349877450980392 0.03370098039215686 0.07169117647058823
1 0.16411356209150327 0.32628676470588236 0.01940359477124183 0.15870098039215685
1 0.13429330065359477 0.32735906862745096 0.01940359477124183 0.15962009803921567
1 0.10610702614379085 0.32827818627450983 0.0181781045751634 0.16145833333333334
1 0.19250408496732027 0.34160539215686275 0.028390522875816993 0.12071078431372549
1 0.07679738562091504 0.32950367647058826 0.02287581699346405 0.16145833333333334
1 0.9621119281045751 0.5372242647058824 0.019812091503267973 0.15226715686274508
1 0.9316789215686274 0.5367647058823529 0.01613562091503268 0.15318627450980393
1 0.9022671568627451 0.5367647058823529 0.018586601307189542 0.15441176470588236
1 0.8506944444444444 0.5332414215686274 0.020833333333333332 0.15716911764705882
1 0.8228145424836601 0.5332414215686274 0.022263071895424837 0.16145833333333334
1 0.7913602941176471 0.5309436274509803 0.023080065359477125 0.16176470588235295
1 0.7629697712418301 0.5350796568627451 0.023488562091503268 0.16881127450980393
1 0.7317197712418301 0.5315563725490197 0.02144607843137255 0.16482843137254902
1 0.7021037581699346 0.5327818627450981 0.022263071895424837 0.16544117647058823
1 0.6713643790849673 0.5323223039215687 0.02246732026143791 0.16636029411764705
1 0.6429738562091504 0.5349264705882353 0.020833333333333332 0.16299019607843138
1 0.6115196078431373 0.5405943627450981 0.026552287581699346 0.14981617647058823
1 0.5774101307189542 0.5338541666666666 0.02900326797385621 0.16329656862745098
1 0.5461601307189542 0.5416666666666666 0.022058823529411766 0.15379901960784315
1 0.5149101307189542 0.5425857843137255 0.02696078431372549 0.15073529411764705
1 0.4805964052287582 0.5399816176470589 0.017565359477124183 0.16084558823529413
1 0.9930555555555556 0.12622549019607843 0.013480392156862746 0.13664215686274508
1 0.9783496732026143 0.1325061274509804 0.016748366013071895 0.12653186274509803
1 0.9673202614379085 0.13572303921568626 0.013888888888888888 0.11825980392156862
1 0.9538398692810458 0.14231004901960784 0.014297385620915032 0.10692401960784313
1 0.9406658496732027 0.14705882352941177 0.013684640522875817 0.0974264705882353
1 0.8989991830065359 0.12423406862745098 0.061887254901960786 0.13939950980392157
1 0.8477328431372549 0.11764705882352941 0.017361111111111112 0.15747549019607843
1 0.8193423202614379 0.11611519607843138 0.02144607843137255 0.16053921568627452
1 0.8090277777777778 0.06908700980392157 0.011029411764705883 0.04442401960784314
1 0.797998366013072 0.07521446078431372 0.00980392156862745 0.03768382352941176
1 0.7849264705882353 0.13112745098039216 0.017973856209150325 0.13480392156862744
1 0.7537785947712419 0.12867647058823528 0.01940359477124183 0.13419117647058823
1 0.7207924836601307 0.11657475490196079 0.018790849673202614 0.16513480392156862
1 0.6894403594771242 0.11580882352941177 0.019812091503267973 0.16115196078431374
1 0.29983660130718953 0.15012254901960784 0.024509803921568627 0.09926470588235294
1 0.27369281045751637 0.1481311274509804 0.013888888888888888 0.11060049019607843
1 0.26205065359477125 0.13633578431372548 0.009395424836601307 0.14338235294117646
1 0.25418709150326796 0.13158700980392157 0.008782679738562092 0.13817401960784315
1 0.24111519607843138 0.12791053921568626 0.018586601307189542 0.15533088235294118
1 0.21149918300653595 0.12944240196078433 0.016952614379084966 0.15410539215686275
1 0.048508986928104576 0.13556985294117646 0.014501633986928105 0.14736519607843138
1 0.033598856209150325 0.13373161764705882 0.01940359477124183 0.15349264705882354
0 0.696078431372549 0.2104779411764706 0.031862745098039214 0.02022058823529412
0 0.453125 0.8233762254901961 0.03819444444444445 0.01991421568627451
1 0.9267769607843137 0.7227328431372549 0.02022058823529412 0.16115196078431374
1 0.9547589869281046 0.7221200980392157 0.02062908496732026 0.16053921568627452
1 0.9823325163398693 0.7251838235294118 0.028390522875816993 0.15870098039215685
0 0.9856004901960784 0.40870098039215685 0.027573529411764705 0.016544117647058824
0 0.8543709150326797 0.4102328431372549 0.0298202614379085 0.017769607843137254
0 0.7190563725490197 0.41253063725490197 0.032883986928104576 0.021139705882352942
0 0.6541053921568627 0.4128370098039216 0.03165849673202614 0.017463235294117647
0 0.6047794117647058 0.43550857843137253 0.03145424836601307 0.06219362745098039
0 0.2826797385620915 0.44224877450980393 0.04003267973856209 0.06464460784313726
0 0.6427696078431373 0.6550245098039216 0.03022875816993464 0.06862745098039216
0 0.9904003267973857 0.8425245098039216 0.017973856209150325 0.0625
0 0.9381127450980392 0.8177083333333334 0.03390522875816993 0.02267156862745098
0 0.879187091503268 0.8420649509803921 0.032475490196078434 0.06341911764705882
0 0.7590890522875817 0.8347120098039216 0.03329248366013072 0.046875
0 0.6332720588235294 0.8472732843137255 0.034109477124183 0.0548406862745098
0 0.6952614379084967 0.8411458333333334 0.03594771241830065 0.053002450980392156
0 0.5715890522875817 0.8420649509803921 0.03125 0.0548406862745098
1 0.6836192810457516 0.12224264705882353 0.010620915032679739 0.15257352941176472
1 0.6719771241830066 0.13005514705882354 0.011437908496732025 0.13143382352941177
1 0.6416462418300654 0.14522058823529413 0.014501633986928105 0.10110294117647059
1 0.6227532679738562 0.14751838235294118 0.006944444444444444 0.10079656862745098
1 0.6015114379084967 0.11596200980392157 0.01838235294117647 0.15900735294117646
1 0.569546568627451 0.11764705882352941 0.02022058823529412 0.15747549019607843
1 0.5362540849673203 0.11902573529411764 0.023080065359477125 0.16023284313725492
1 0.5084763071895425 0.11948529411764706 0.02185457516339869 0.15931372549019607
1 0.4766135620915033 0.12009803921568628 0.023080065359477125 0.15992647058823528
1 0.4477124183006536 0.12270220588235294 0.024509803921568627 0.16145833333333334
1 0.4185049019607843 0.1170343137254902 0.025326797385620915 0.1636029411764706
1 0.4130923202614379 0.7519914215686274 0.05616830065359477 0.1246936274509804
1 0.4848856209150327 0.7388174019607843 0.03022875816993464 0.1559436274509804
1 0.5414624183006536 0.7305453431372549 0.03104575163398693 0.15962009803921567
1 0.5975285947712419 0.7311580882352942 0.025939542483660132 0.15839460784313725
1 0.6629901960784313 0.7308517156862745 0.02696078431372549 0.16329656862745098
1 0.05575980392156863 0.9249387254901961 0.1090686274509804 0.14644607843137256
1 0.12622549019607843 0.9267769607843137 0.125 0.14522058823529413
1 0.18188316993464052 0.9408700980392157 0.07455065359477124 0.11213235294117647
1 0.2622549019607843 0.9283088235294118 0.11805555555555555 0.13725490196078433
1 0.35110294117647056 0.9324448529411765 0.09313725490196079 0.13388480392156862
0 0.8865400326797386 0.6263786764705882 0.029616013071895424 0.019301470588235295
1 0.20445261437908496 0.045189950980392156 0.016339869281045753 0.0860906862745098
1 0.18116830065359477 0.045649509803921566 0.027777777777777776 0.08700980392156862
1 0.15155228758169934 0.044730392156862746 0.03022875816993464 0.08884803921568628
1 0.16819852941176472 0.14920343137254902 0.03451797385620915 0.12009803921568628
1 0.1385825163398693 0.14598651960784315 0.03329248366013072 0.12285539215686274
1 0.1187704248366013 0.12837009803921567 0.016544117647058824 0.15808823529411764
1 0.09017565359477124 0.12882965686274508 0.014501633986928105 0.15900735294117646
1 0.07628676470588236 0.13740808823529413 0.014501633986928105 0.14368872549019607
1 0.06331699346405228 0.1321997549019608 0.017565359477124183 0.15226715686274508
0 0.7611315359477124 0.22196691176470587 0.03615196078431373 0.03768382352941176
0 0.2786968954248366 0.8250612745098039 0.03165849673202614 0.016544117647058824
0 0.05361519607843137 0.6282169117647058 0.028390522875816993 0.01685049019607843
0 0.10957924836601307 0.6300551470588235 0.03165849673202614 0.021752450980392156
0 0.17861519607843138 0.6329656862745098 0.03165849673202614 0.018995098039215685
0 0.2318218954248366 0.6565563725490197 0.032679738562091505 0.06495098039215687
0 0.8265931372549019 0.6527267156862745 0.03227124183006536 0.07506127450980392
0 0.5081699346405228 0.8451286764705882 0.034722222222222224 0.057291666666666664
0 0.051470588235294115 0.8200061274509803 0.03227124183006536 0.020526960784313725
0 0.1704452614379085 0.4427083333333333 0.03901143790849673 0.06862745098039216
0 0.8231209150326797 0.8403799019607843 0.03799019607843137 0.05821078431372549
1 0.30667892156862747 0.7356004901960784 0.025939542483660132 0.15196078431372548
0 0.8205678104575164 0.23069852941176472 0.03451797385620915 0.06801470588235294
0 0.3813316993464052 0.22886029411764705 0.03431372549019608 0.04656862745098039
0 0.3243464052287582 0.21568627450980393 0.03594771241830065 0.02267156862745098
0 0.2635825163398693 0.23697916666666666 0.03860294117647059 0.057904411764705885
0 0.20067401960784315 0.24310661764705882 0.03533496732026144 0.07077205882352941
0 0.14368872549019607 0.22089460784313725 0.032066993464052285 0.024509803921568627
0 0.08854166666666667 0.22273284313725492 0.034109477124183 0.02267156862745098
0 0.039419934640522875 0.24724264705882354 0.03022875816993464 0.06801470588235294
1 0.9725285947712419 0.3290441176470588 0.015727124183006536 0.1329656862745098
1 0.960171568627451 0.3327205882352941 0.011029411764705883 0.13051470588235295
1 0.9405637254901961 0.33026960784313725 0.015522875816993464 0.13541666666666666
1 0.9082924836601307 0.32965686274509803 0.01715686274509804 0.13419117647058823
1 0.4931576797385621 0.3325674019607843 0.02267156862745098 0.14246323529411764
1 0.46200980392156865 0.3325674019607843 0.022058823529411766 0.14246323529411764
1 0.43361928104575165 0.3362438725490196 0.023284313725490197 0.13694852941176472
1 0.40042892156862747 0.3353247549019608 0.02022058823529412 0.13878676470588236
1 0.3695874183006536 0.32766544117647056 0.0181781045751634 0.14552696078431374
1 0.3418096405228758 0.3232230392156863 0.02267156862745098 0.1568627450980392
1 0.2542892156862745 0.33639705882352944 0.020016339869281044 0.13602941176470587
1 0.22691993464052287 0.3272058823529412 0.01511437908496732 0.15747549019607843
0 0.21466503267973855 0.8472732843137255 0.03390522875816993 0.06709558823529412
1 0.42024101307189543 0.539828431372549 0.02389705882352941 0.15931372549019607
1 0.2946282679738562 0.5436580882352942 0.023080065359477125 0.14981617647058823
1 0.2645016339869281 0.5409007352941176 0.02287581699346405 0.15533088235294118
1 0.23223039215686275 0.546875 0.02287581699346405 0.14522058823529413
1 0.20230800653594772 0.539828431372549 0.022263071895424837 0.16237745098039216
1 0.17238562091503268 0.546875 0.02696078431372549 0.14338235294117646
1 0.1395016339869281 0.5361519607843137 0.024509803921568627 0.16115196078431374
1 0.1076388888888889 0.5445772058823529 0.024509803921568627 0.14736519607843138
1 0.04993872549019608 0.5361519607843137 0.018995098039215685 0.1568627450980392
1 0.028901143790849675 0.7305453431372549 0.021037581699346407 0.15287990196078433
1 0.4550653594771242 0.7362132352941176 0.029411764705882353 0.15134803921568626
0 0.3616217320261438 0.6557904411764706 0.028799019607843136 0.06464460784313726
0 0.4201388888888889 0.6548713235294118 0.03022875816993464 0.06587009803921569
0 0.5190972222222222 0.655484068627451 0.029616013071895424 0.0664828431372549
0 0.5818014705882353 0.65625 0.03329248366013072 0.07107843137254902
0 0.7205882352941176 0.6522671568627451 0.032679738562091505 0.06801470588235294
0 0.7687908496732027 0.6539522058823529 0.03431372549019608 0.07261029411764706
1 0.45292075163398693 0.5401348039215687 0.017769607843137254 0.1568627450980392
1 0.3550857843137255 0.5373774509803921 0.025939542483660132 0.15931372549019607
1 0.3243464052287582 0.5395220588235294 0.02696078431372549 0.1568627450980392
1 0.05831290849673203 0.7395833333333334 0.0181781045751634 0.13848039215686275
1 0.11825980392156862 0.7409620098039216 0.018790849673202614 0.13572303921568626
1 0.1474673202614379 0.7397365196078431 0.020016339869281044 0.1332720588235294
1 0.17585784313725492 0.7297794117647058 0.02042483660130719 0.15992647058823528
1 0.20772058823529413 0.7293198529411765 0.03431372549019608 0.15471813725490197
1 0.27736928104575165 0.7323835784313726 0.029411764705882353 0.1559436274509804
1 0.33609068627450983 0.75 0.024305555555555556 0.11825980392156862
1 0.366625816993464 0.7512254901960784 0.031862745098039214 0.12071078431372549
0 0.34364787581699346 0.8223039215686274 0.034109477124183 0.017769607843137254
0 0.5578022875816994 0.234375 0.035130718954248366 0.07291666666666667
0 0.507046568627451 0.23743872549019607 0.04105392156862745 0.0741421568627451
1 0.6317401960784313 0.7496936274509803 0.02900326797385621 0.1213235294117647
1 0.6899509803921569 0.7300857843137255 0.023284313725490197 0.16482843137254902
1 0.71875 0.7481617647058824 0.021241830065359478 0.12438725490196079
1 0.7521446078431373 0.7640931372549019 0.027573529411764705 0.08946078431372549
1 0.7826797385620915 0.7653186274509803 0.02900326797385621 0.08884803921568628
1 0.8130106209150327 0.7294730392156863 0.025122549019607844 0.15747549019607843
1 0.8416053921568627 0.7264093137254902 0.02267156862745098 0.16176470588235295
1 0.869281045751634 0.7285539215686274 0.02165032679738562 0.1568627450980392
1 0.8978758169934641 0.7259497549019608 0.022058823529411766 0.15778186274509803
1 0.8747957516339869 0.32996323529411764 0.015522875816993464 0.13786764705882354
1 0.8433415032679739 0.33011642156862747 0.016339869281045753 0.13572303921568626
1 0.8097426470588235 0.32996323529411764 0.016952614379084966 0.13480392156862744
1 0.7796160130718954 0.33088235294117646 0.022058823529411766 0.13541666666666666
1 0.7474468954248366 0.33011642156862747 0.016544117647058824 0.13633578431372548
1 0.7147671568627451 0.3321078431372549 0.015727124183006536 0.13664215686274508
1 0.680453431372549 0.3314950980392157 0.016952614379084966 0.13909313725490197
1 0.6489991830065359 0.3324142156862745 0.0181781045751634 0.13480392156862744
1 0.6137663398692811 0.31786151960784315 0.022058823529411766 0.16268382352941177
1 0.5853758169934641 0.3193933823529412 0.023284313725490197 0.16329656862745098
1 0.5526960784313726 0.32735906862745096 0.023284313725490197 0.15104166666666666
1 0.5252246732026143 0.3212316176470588 0.02389705882352941 0.15778186274509803
1 0.08047385620915033 0.5393688725490197 0.0196078431372549 0.15778186274509803
0 0.10886437908496732 0.43995098039215685 0.05555555555555555 0.07107843137254902
0 0.22630718954248366 0.4427083333333333 0.03839869281045752 0.06678921568627451
0 0.535437091503268 0.43673406862745096 0.032475490196078434 0.06341911764705882
1 0.9250408496732027 0.9375 0.13112745098039216 0.12009803921568628
1 0.3125 0.32567401960784315 0.020833333333333332 0.15747549019607843
1 0.2815563725490196 0.32613357843137253 0.016544117647058824 0.15839460784313725
1 0.44332107843137253 0.9370404411764706 0.1096813725490196 0.12224264705882353
0 0.8014705882352942 0.40900735294117646 0.03227124183006536 0.020833333333333332
0 0.9253472222222222 0.4097732843137255 0.03615196078431373 0.012561274509803922
1 0.9923406862745098 0.5327818627450981 0.012459150326797386 0.15012254901960784
1 0.103656045751634 0.1326593137254902 0.012459150326797386 0.14950980392156862
1 0.38500816993464054 0.5395220588235294 0.01838235294117647 0.15870098039215685
0 0.4459763071895425 0.24019607843137256 0.039419934640522875 0.07169117647058823
1 0.08670343137254902 0.7409620098039216 0.016544117647058824 0.13756127450980393
