1 0.008 0.26 0.014 0.115
1 0.03766666666666667 0.25875 0.04466666666666667 0.11
1 0.04008333333333333 0.18525 0.041166666666666664 0.0335
1 0.07433333333333333 0.24425 0.030333333333333334 0.1425
1 0.10908333333333334 0.248875 0.03783333333333333 0.14775
1 0.14008333333333334 0.243125 0.023166666666666665 0.11625
1 0.16783333333333333 0.23925 0.03166666666666667 0.1175
1 0.19891666666666666 0.2415 0.0375 0.115
1 0.23275 0.248875 0.03216666666666667 0.09825
1 0.25608333333333333 0.2515 0.020166666666666666 0.101
1 0.28125 0.244 0.031166666666666665 0.112
1 0.30933333333333335 0.2445 0.031 0.112
1 0.3406666666666667 0.245875 0.031 0.11375
1 0.372 0.24675 0.029333333333333333 0.1195
1 0.40016666666666667 0.24525 0.028 0.1155
1 0.42933333333333334 0.24725 0.028333333333333332 0.1155
1 0.46041666666666664 0.247625 0.030166666666666668 0.11775
1 0.491 0.24725 0.028333333333333332 0.1165
1 0.5195833333333333 0.246375 0.0305 0.11475
1 0.5494166666666667 0.24575 0.0325 0.12
1 0.5805833333333333 0.246875 0.0315 0.12275
1 0.611 0.24875 0.028333333333333332 0.118
1 0.639 0.248375 0.029 0.11375
1 0.6609166666666667 0.264125 0.014833333333333334 0.09125
1 0.6765 0.2555 0.006 0.1
1 0.6956666666666667 0.25 0.034666666666666665 0.1195
1 0.7256666666666667 0.2505 0.030666666666666665 0.117
1 0.75525 0.2505 0.03183333333333333 0.116
1 0.7794166666666666 0.259125 0.0195 0.09975
1 0.7895 0.26075 0.006666666666666667 0.1
1 0.80975 0.252125 0.03716666666666667 0.11425
1 0.84075 0.24625 0.0285 0.126
1 0.85925 0.2495 0.027166666666666665 0.1165
1 0.8901666666666667 0.246125 0.035333333333333335 0.12575
1 0.9145833333333333 0.24875 0.029166666666666667 0.1215
1 0.948 0.245625 0.035666666666666666 0.12925
1 0.9784166666666667 0.24425 0.0325 0.13
0 0.056666666666666664 0.308625 0.027333333333333334 0.01675
0 0.164 0.3305 0.029666666666666668 0.048
0 0.3958333333333333 0.316375 0.026333333333333334 0.01575
0 0.4449166666666667 0.334625 0.029833333333333333 0.05125
0 0.6645 0.321875 0.025666666666666667 0.02175
0 0.69475 0.32025 0.0265 0.0215
0 0.7449166666666667 0.321375 0.027166666666666665 0.01625
0 0.7876666666666666 0.321375 0.026 0.01675
0 0.8644166666666667 0.3225 0.024166666666666666 0.02
0 0.8945833333333333 0.3225 0.0285 0.02
0 0.9250833333333334 0.322625 0.029166666666666667 0.02075
0 0.9703333333333334 0.321625 0.029333333333333333 0.01825
0 0.9934166666666666 0.321375 0.012833333333333334 0.02075
0 0.08425 0.482125 0.026833333333333334 0.01875
0 0.3878333333333333 0.49 0.024 0.021
0 0.0565 0.68425 0.02666666666666667 0.019
0 0.10491666666666667 0.686375 0.0255 0.02025
0 0.17008333333333334 0.68775 0.024833333333333332 0.02
0 0.54 0.494625 0.02666666666666667 0.01975
0 0.6086666666666667 0.494375 0.027 0.01975
0 0.6369166666666667 0.4795 0.03183333333333333 0.035
0 0.6735 0.495375 0.025666666666666667 0.01675
0 0.8030833333333334 0.49525 0.027166666666666665 0.018
0 0.8839166666666667 0.49525 0.028833333333333332 0.021
0 0.04908333333333333 0.856 0.0335 0.0135
0 0.10083333333333333 0.8565 0.03233333333333333 0.0155
0 0.148 0.84975 0.0 0.0
0 0.15983333333333333 0.85775 0.03133333333333333 0.014
0 0.282 0.861625 0.027 0.01475
0 0.2855 0.692375 0.028666666666666667 0.02125
0 0.3264166666666667 0.694 0.027166666666666665 0.0225
0 0.4369166666666667 0.696625 0.0275 0.02225
0 0.5601666666666667 0.701 0.027 0.0225
0 0.6191666666666666 0.702125 0.027 0.02125
0 0.6549166666666667 0.702375 0.025833333333333333 0.01925
0 0.71825 0.701625 0.0265 0.02125
0 0.7618333333333334 0.701625 0.028 0.02125
0 0.7921666666666667 0.701375 0.027666666666666666 0.02125
0 0.8358333333333333 0.701 0.029666666666666668 0.0205
0 0.86275 0.70075 0.0285 0.0205
0 0.981 0.699625 0.03133333333333333 0.02075
0 0.9215 0.7 0.03 0.0205
0 0.8929166666666667 0.700375 0.029833333333333333 0.02225
0 0.9394166666666667 0.866 0.035833333333333335 0.0155
0 0.8474166666666667 0.886125 0.03983333333333333 0.05425
0 0.6763333333333333 0.872875 0.029333333333333333 0.01925
0 0.5865 0.8745 0.02666666666666667 0.0185
0 0.49866666666666665 0.8665 0.026 0.0135
0 0.3709166666666667 0.865375 0.025833333333333333 0.01325
1 0.007833333333333333 0.4065 0.015333333333333332 0.1205
1 0.034333333333333334 0.40325 0.037 0.1305
1 0.07341666666666667 0.4025 0.04416666666666667 0.129
1 0.11 0.403875 0.04066666666666666 0.12775
1 0.14925 0.408 0.036833333333333336 0.1265
1 0.19075 0.41 0.0455 0.124
1 0.22741666666666666 0.41325 0.019833333333333335 0.114
1 0.25966666666666666 0.412 0.04533333333333334 0.1265
1 0.30233333333333334 0.413 0.03966666666666667 0.1245
1 0.34391666666666665 0.41425 0.04516666666666667 0.13
1 0.024166666666666666 0.51275 0.04566666666666667 0.0355
1 0.07125 0.51425 0.04716666666666667 0.041
1 0.00675 0.57075 0.013166666666666667 0.0785
0 0.015916666666666666 0.621 0.03183333333333333 0.0195
0 0.017333333333333333 0.730625 0.03266666666666666 0.01875
1 0.13775 0.524375 0.0575 0.03775
1 0.39366666666666666 0.532625 0.038 0.03575
1 0.06608333333333333 0.60575 0.036833333333333336 0.1315
1 0.09583333333333334 0.61 0.03666666666666667 0.133
1 0.12475 0.610625 0.036166666666666666 0.12775
1 0.158 0.611875 0.037 0.12775
1 0.182 0.609875 0.012 0.12925
1 0.20375 0.61175 0.0335 0.1295
1 0.24275 0.612125 0.03983333333333333 0.12975
1 0.27308333333333334 0.612125 0.0265 0.13375
1 0.30716666666666664 0.615625 0.03833333333333333 0.13125
1 0.34358333333333335 0.616 0.0355 0.133
1 0.37433333333333335 0.6175 0.026333333333333334 0.133
1 0.40066666666666667 0.61775 0.024 0.1305
1 0.42933333333333334 0.617625 0.03 0.13275
1 0.4579166666666667 0.61525 0.028166666666666666 0.138
1 0.48741666666666666 0.615 0.027166666666666665 0.142
1 0.5146666666666667 0.613875 0.028 0.13625
1 0.5688333333333333 0.6195 0.030666666666666665 0.138
1 0.5981666666666666 0.621 0.030333333333333334 0.1365
1 0.6290833333333333 0.6215 0.030833333333333334 0.1365
1 0.6581666666666667 0.62125 0.030333333333333334 0.1355
1 0.6891666666666667 0.6215 0.03166666666666667 0.1365
1 0.7200833333333333 0.62125 0.03183333333333333 0.1355
1 0.7493333333333333 0.623125 0.034 0.13325
1 0.78125 0.62125 0.0345 0.134
1 0.8131666666666667 0.624375 0.02666666666666667 0.12525
1 0.8419166666666666 0.623875 0.028833333333333332 0.12625
1 0.8700833333333333 0.6245 0.0325 0.1275
1 0.9 0.62175 0.030333333333333334 0.1245
1 0.9280833333333334 0.623125 0.0295 0.12475
1 0.95425 0.622375 0.0265 0.12425
1 0.9824166666666667 0.62225 0.0325 0.124
1 0.9936666666666667 0.59425 0.01 0.0695
1 0.3858333333333333 0.414125 0.037 0.12575
1 0.4246666666666667 0.414375 0.03766666666666667 0.12875
1 0.4678333333333333 0.415125 0.044 0.12725
1 0.5071666666666667 0.4195 0.03666666666666667 0.1185
1 0.5420833333333334 0.419 0.027833333333333335 0.1215
1 0.5708333333333333 0.420875 0.027333333333333334 0.12375
1 0.5995 0.420625 0.027666666666666666 0.12475
1 0.6270833333333333 0.417875 0.029166666666666667 0.12175
1 0.6569166666666667 0.421 0.029833333333333333 0.1265
1 0.68525 0.421 0.03183333333333333 0.124
1 0.71525 0.422125 0.03183333333333333 0.12425
1 0.7436666666666667 0.4215 0.03266666666666666 0.1265
1 0.7746666666666666 0.420875 0.027 0.12075
1 0.7995833333333333 0.43375 0.0255 0.102
1 0.8314166666666667 0.42925 0.0335 0.11
1 0.8730833333333333 0.426125 0.03716666666666667 0.11625
1 0.90375 0.424125 0.03283333333333333 0.11425
1 0.94225 0.41975 0.04516666666666667 0.1205
1 0.9810833333333333 0.419375 0.0375 0.12475
1 0.0019166666666666666 0.68375 0.003833333333333333 0.066
1 0.015 0.687 0.023333333333333334 0.063
1 0.036833333333333336 0.6915 0.016 0.0695
1 0.06116666666666667 0.77675 0.042333333333333334 0.1355
1 0.08541666666666667 0.769875 0.014833333333333334 0.12925
1 0.10366666666666667 0.766 0.010333333333333333 0.119
1 0.1225 0.7805 0.029666666666666668 0.1345
1 0.15691666666666668 0.781375 0.034166666666666665 0.13275
1 0.18966666666666668 0.7795 0.025333333333333333 0.133
1 0.21841666666666668 0.781 0.025833333333333333 0.1335
1 0.24841666666666667 0.782 0.0305 0.132
1 0.28091666666666665 0.78275 0.036166666666666666 0.1295
1 0.3159166666666667 0.7725 0.029166666666666667 0.1285
1 0.34325 0.771 0.024833333333333332 0.1255
1 0.37225 0.774125 0.0295 0.13275
1 0.398 0.769625 0.025 0.12175
1 0.42241666666666666 0.77725 0.023166666666666665 0.1285
1 0.4484166666666667 0.78725 0.029166666666666667 0.1345
1 0.47708333333333336 0.78775 0.030833333333333334 0.1335
1 0.5076666666666667 0.79225 0.03166666666666667 0.135
1 0.5388333333333334 0.791375 0.027 0.13875
1 0.5638333333333333 0.76825 0.021 0.105
1 0.5920833333333333 0.7795 0.029833333333333333 0.1265
1 0.6444166666666666 0.78 0.0305 0.1275
1 0.6730833333333334 0.77975 0.0295 0.125
1 0.699 0.77825 0.032 0.1275
1 0.7290833333333333 0.77975 0.028166666666666666 0.1275
1 0.7481666666666666 0.786125 0.012 0.13275
1 0.7755 0.79025 0.035 0.1375
1 0.7935 0.778 0.016 0.1215
1 0.8135833333333333 0.780375 0.0335 0.12325
1 0.851 0.784875 0.037333333333333336 0.13125
1 0.8800833333333333 0.784375 0.0365 0.13025
1 0.9238333333333333 0.788875 0.04133333333333333 0.13125
1 0.9553333333333334 0.788625 0.03766666666666667 0.13475
1 0.9828333333333333 0.788 0.03333333333333333 0.134
1 0.99425 0.967125 0.011166666666666667 0.06325
1 0.9745833333333334 0.967125 0.036833333333333336 0.06075
1 0.9510833333333333 0.981125 0.0375 0.03375
1 0.9155833333333333 0.98375 0.0385 0.03
1 0.876 0.983375 0.043333333333333335 0.03075
1 0.8364166666666667 0.973125 0.0365 0.05025
1 0.8149166666666666 0.981875 0.041833333333333333 0.03575
1 0.7745 0.981 0.041666666666666664 0.035
1 0.8499166666666667 0.953 0.0295 0.034
1 0.88325 0.952625 0.0315 0.03175
1 0.91025 0.949125 0.0295 0.02875
1 0.9298333333333333 0.957875 0.03133333333333333 0.01275
1 0.9276666666666666 0.93775 0.0 0.0
1 0.9428333333333333 0.94875 0.034666666666666665 0.027
1 0.9721666666666666 0.946875 0.035333333333333335 0.02525
1 0.9829166666666667 0.925875 0.027166666666666665 0.01875
1 0.95575 0.928625 0.025833333333333333 0.01025
1 0.92575 0.929375 0.03183333333333333 0.01475
1 0.8978333333333334 0.928875 0.027333333333333334 0.01525
1 0.86975 0.929875 0.0285 0.01525
1 0.8360833333333333 0.925875 0.027833333333333335 0.01725
1 0.8830833333333333 0.914125 0.0275 0.01325
1 0.9101666666666667 0.9155 0.02666666666666667 0.014
1 0.9375 0.914875 0.029333333333333333 0.01275
1 0.9639166666666666 0.912375 0.026833333333333334 0.01425
1 0.98275 0.898875 0.023833333333333335 0.01025
1 0.94675 0.8975 0.026166666666666668 0.012
1 0.922 0.900375 0.02666666666666667 0.01325
1 0.89525 0.899 0.0265 0.0145
1 0.8740833333333333 0.898375 0.016166666666666666 0.01375
1 0.8136666666666666 0.898 0.024333333333333332 0.0135
1 0.825 0.913 0.02666666666666667 0.0135
1 0.8084166666666667 0.92775 0.0275 0.0135
1 0.8183333333333334 0.94225 0.02666666666666667 0.0095
1 0.805 0.955375 0.025666666666666667 0.01425
1 0.76875 0.956875 0.0345 0.01675
1 0.7450833333333333 0.97075 0.011166666666666667 0.0575
1 0.7335 0.962 0.009333333333333334 0.075
1 0.7141666666666666 0.954125 0.029333333333333333 0.09125
1 0.6914166666666667 0.962125 0.0295 0.07525
1 0.6611666666666667 0.96025 0.028666666666666667 0.079
1 0.6446666666666667 0.974625 0.031 0.05025
1 0.6204166666666666 0.981625 0.0335 0.03625
1 0.5894166666666667 0.980875 0.033166666666666664 0.03775
1 0.549 0.981 0.03333333333333333 0.036
1 0.5475833333333333 0.9545 0.030833333333333334 0.018
1 0.6013333333333334 0.90825 0.021 0.025
1 0.5743333333333334 0.91 0.026 0.016
1 0.5745833333333333 0.924 0.0255 0.0105
1 0.5765833333333333 0.93825 0.024166666666666666 0.012
1 0.5819166666666666 0.95425 0.027833333333333335 0.0125
1 0.6116666666666667 0.954 0.028 0.012
1 0.5475833333333333 0.937125 0.0285 0.01425
1 0.5468333333333333 0.921875 0.026333333333333334 0.01475
1 0.54625 0.909 0.0235 0.015
1 0.5470833333333334 0.895875 0.024166666666666666 0.01325
1 0.6845833333333333 0.9165 0.023833333333333335 0.014
1 0.6514166666666666 0.915 0.0265 0.014
1 0.6248333333333334 0.9165 0.024666666666666667 0.014
1 0.62525 0.90075 0.0255 0.0135
1 0.6525 0.89925 0.026 0.012
1 0.6821666666666667 0.902375 0.02666666666666667 0.01275
1 0.7096666666666667 0.89975 0.023666666666666666 0.017
1 0.008583333333333333 0.94325 0.0145 0.104
1 0.027166666666666665 0.8915 0.034333333333333334 0.0355
1 0.060583333333333336 0.895125 0.033166666666666664 0.03175
1 0.09483333333333334 0.905625 0.033666666666666664 0.03975
1 0.1155 0.88825 0.029333333333333333 0.0335
1 0.15733333333333333 0.892625 0.03166666666666667 0.03675
1 0.14025 0.9075 0.0255 0.0345
1 0.19608333333333333 0.896 0.030833333333333334 0.042
1 0.18116666666666667 0.914 0.028666666666666667 0.046
1 0.16433333333333333 0.93 0.029666666666666668 0.045
1 0.13508333333333333 0.962125 0.0455 0.07525
1 0.08883333333333333 0.961125 0.043333333333333335 0.07575
1 0.041916666666666665 0.959625 0.051166666666666666 0.07825
1 0.18441666666666667 0.96225 0.0485 0.0725
1 0.21058333333333334 0.929 0.026833333333333334 0.0445
1 0.2225 0.906875 0.02 0.04125
1 0.23933333333333334 0.8875 0.027333333333333334 0.026
1 0.22583333333333333 0.963875 0.051666666666666666 0.07175
1 0.24683333333333332 0.942375 0.03233333333333333 0.05575
1 0.2595 0.92525 0.030333333333333334 0.05
1 0.26958333333333334 0.903875 0.0275 0.04325
1 0.5013333333333333 0.969 0.046 0.061
1 0.4974166666666667 0.94025 0.04583333333333333 0.047
1 0.49533333333333335 0.8925 0.038 0.0155
1 0.45816666666666667 0.914 0.036 0.0345
1 0.45458333333333334 0.9345 0.041166666666666664 0.0435
1 0.4559166666666667 0.96425 0.044833333333333336 0.0705
1 0.4135 0.967 0.042333333333333334 0.064
1 0.36425 0.96575 0.0485 0.064
1 0.31808333333333333 0.966375 0.044833333333333336 0.06625
1 0.272 0.9665 0.048 0.0665
1 0.2876666666666667 0.94025 0.02666666666666667 0.0465
1 0.29875 0.928375 0.0255 0.05125
1 0.3055833333333333 0.90975 0.029166666666666667 0.0595
1 0.33125 0.939625 0.0305 0.05525
1 0.3401666666666667 0.9285 0.029333333333333333 0.047
1 0.3750833333333333 0.93775 0.0315 0.0375
1 0.38516666666666666 0.928375 0.03133333333333333 0.04875
1 0.38766666666666666 0.907 0.030333333333333334 0.04
1 0.4226666666666667 0.920375 0.03133333333333333 0.05975
1 0.747 0.929875 0.032 0.01525
1 0.742 0.91375 0.02666666666666667 0.0135
1 0.7714166666666666 0.914625 0.0275 0.01475
1 0.7776666666666666 0.93 0.027 0.015
1 0.791 0.943125 0.029333333333333333 0.01075
1 0.3433333333333333 0.90275 0.027666666666666666 0.037
1 0.12116666666666667 0.92475 0.030666666666666665 0.0475
1 0.07616666666666666 0.920875 0.03 0.03975
1 0.019583333333333335 0.8215 0.0365 0.0485
1 0.024833333333333332 0.78 0.026 0.0265
1 0.9683333333333334 0.891125 0.023333333333333334 0.01825
