0 0.015987882867721306 0.057561221913658166 0.030292830696735107 0.02827568795758647
0 0.11300908784920902 0.05566776066649836 0.0415684954560754 0.03206261045190609
0 0.2003534163581286 0.05730876041403686 0.03954897340962639 0.028780610956829083
0 0.26169639851901716 0.05831860641252209 0.03870750589027264 0.03029537995455693
0 0.3505553685627735 0.05793991416309013 0.03904409289801414 0.031052764453420853
0 0.009508582968697409 0.24097450138853824 0.019017165937394817 0.03054784145417824
0 0.05907101985863346 0.24097450138853824 0.04207337596768765 0.02953799545569301
0 0.11679569168630091 0.24198434738702349 0.04274654998317065 0.030042918454935622
0 0.16467519353752946 0.24185811663721282 0.040895321440592394 0.028780610956829083
0 0.20792662403231235 0.24261550113607674 0.03988556041736789 0.03130522595304216
0 0.2635476270615954 0.24185811663721282 0.04207337596768765 0.029790456955314314
0 0.32539548973409627 0.24261550113607674 0.04022214742510939 0.03029537995455693
0 0.39060922248401214 0.24324665488513003 0.03938067990575564 0.03155768745266347
0 0.45868394479973074 0.24337288563494067 0.038202625378660385 0.029790456955314314
0 0.5150622685964322 0.243625347134562 0.03921238640188489 0.030800302953799544
0 0.5824638168966678 0.24349911638475133 0.038034331874789634 0.031052764453420853
0 0.44463143722652304 0.0585710679121434 0.038370918882531135 0.028780610956829083
0 0.5329013800067317 0.05970714466043928 0.03921238640188489 0.03054784145417824
0 0.6335408953214406 0.0602120676596819 0.038202625378660385 0.02903307245645039
0 0.7001851228542578 0.06387275940419086 0.038539212386401886 0.03130522595304216
0 0.6597105351733423 0.24312042413531937 0.03870750589027264 0.03029537995455693
0 0.7148266576910132 0.2446351931330472 0.03887579939414339 0.02827568795758647
0 0.7896331201615617 0.06059075990911386 0.04039044092898014 0.029790456955314314
0 0.9781218444968024 0.0634940671547589 0.04039044092898014 0.03155768745266347
0 0.78475260854931 0.19199697046200453 0.03938067990575564 0.030042918454935622
0 0.8823628407943453 0.19363797020954304 0.04173678895994615 0.029790456955314314
0 0.9313362504207338 0.19477404695783893 0.04207337596768765 0.02903307245645039
0 0.9765230562100303 0.19527896995708155 0.0419050824638169 0.030042918454935622
0 0.9920060585661393 0.3803332491795001 0.014641534836755302 0.028528149457207774
0 0.9062605183439919 0.37919717243120427 0.04274654998317065 0.02827568795758647
0 0.8402894648266577 0.3765463266851805 0.04173678895994615 0.02802322645796516
0 0.7903062941770448 0.3761676344357485 0.04039044092898014 0.025246149962130773
0 0.7334230898687311 0.39674324665488514 0.043756311006395154 0.02448876546326685
0 0.6906765398855604 0.3961120929058319 0.04207337596768765 0.02474122696288816
0 0.6467519353752945 0.39510224690734663 0.041063614944463145 0.02474122696288816
0 0.5946650959272972 0.3939661701590507 0.04022214742510939 0.02448876546326685
0 0.543503870750589 0.39295632416056553 0.03887579939414339 0.023983842464024237
0 0.5042073375967687 0.3943448624084827 0.03870750589027264 0.024236303963645543
0 0.4646583641871424 0.3930825549103762 0.038370918882531135 0.023226457965160312
0 0.4225849882194547 0.39257763191113354 0.03870750589027264 0.023226457965160312
0 0.38303601480982835 0.39232517041151227 0.03938067990575564 0.024236303963645543
0 0.4118142039717267 0.5828073718757889 0.038370918882531135 0.02347891946478162
0 0.5023561090541905 0.5839434486240849 0.03904409289801414 0.02676091895985862
0 0.6100639515314709 0.5836909871244635 0.040727027936721644 0.023226457965160312
0 0.7126388421406934 0.5836909871244635 0.043924604510265905 0.02575107296137339
0 0.007825647929989903 0.38879070941681393 0.015651295859979805 0.02221661196667508
0 0.05351733423089869 0.38992678616510984 0.04611242006058566 0.02145922746781116
0 0.10812857623695725 0.3889169401666246 0.04628071356445641 0.023983842464024237
0 0.16534836755301247 0.3905579399141631 0.043924604510265905 0.020701842968947236
0 0.22526085493099968 0.38904317091643525 0.04022214742510939 0.02019691996970462
0 0.2656512958599798 0.3910628629134057 0.03921238640188489 0.01918707397121939
0 0.3042746549983171 0.39118909366321636 0.03971726691349714 0.02145922746781116
0 0.34424436216762033 0.3921989396617016 0.03954897340962639 0.025498611461752082
0 0.02734769437899697 0.5819237566271144 0.04628071356445641 0.02373138096440293
0 0.10526758667115449 0.5817975258773037 0.04594412655671491 0.025498611461752082
0 0.15003365870077415 0.5825549103761677 0.04459777852574891 0.028528149457207774
0 0.19505217098619992 0.5829336026255996 0.04476607202961966 0.027770764958343852
0 0.2458768091551666 0.5830598333754102 0.043756311006395154 0.0260035344609947
0 0.30839784584315044 0.5828073718757889 0.0415684954560754 0.02448876546326685
0 0.046617300572197914 0.7770764958343852 0.046449007068327164 0.028780610956829083
0 0.10089195557051497 0.7715223428427165 0.04830023561090542 0.02827568795758647
0 0.1985863345674857 0.772405958091391 0.044092898014136656 0.026508457460237313
0 0.29989902389767753 0.7744256500883615 0.04207337596768765 0.02953799545569301
0 0.3682261864692023 0.7746781115879828 0.04240996297542915 0.02903307245645039
0 0.44286435543588015 0.7744256500883615 0.04022214742510939 0.028528149457207774
0 0.5003365870077415 0.7749305730876042 0.03870750589027264 0.02802322645796516
0 0.5987041400201952 0.7741731885887402 0.0415684954560754 0.02802322645796516
0 0.6840289464826658 0.7740469578389295 0.0432514304947829 0.02827568795758647
0 0.7962807135644564 0.6695278969957081 0.04594412655671491 0.02726584195910124
0 0.8604005385392124 0.6704115122443828 0.046953887579939416 0.02802322645796516
0 0.9761864692022888 0.671042665993436 0.04729047458768092 0.02575107296137339
0 0.9765230562100303 0.9087351678868972 0.046617300572197914 0.03458722544811916
0 0.8934702120498149 0.9101237061348144 0.04577583305284416 0.036354455945468316
0 0.8063783237967015 0.907725321888412 0.0419050824638169 0.03458722544811916
0 0.7456243688993605 0.9837162332744257 0.046953887579939416 0.03054784145417824
0 0.6919387411645911 0.9843473870234789 0.04628071356445641 0.027770764958343852
0 0.6386738471894985 0.9839686947740469 0.04274654998317065 0.030042918454935622
0 0.5543588017502524 0.9849785407725322 0.04005385392123864 0.02903307245645039
0 0.46583641871423764 0.9830850795253724 0.040727027936721644 0.02575107296137339
0 0.3759676876472568 0.9837162332744257 0.04207337596768765 0.026508457460237313
0 0.29880511612251764 0.9824539257763191 0.04459777852574891 0.030042918454935622
0 0.23964994951194885 0.9819490027770765 0.04543924604510266 0.031052764453420853
0 0.18571188152137327 0.9824539257763191 0.04628071356445641 0.028528149457207774
0 0.13766408616627399 0.983211310275183 0.049814877145742176 0.03155768745266347
0 0.08397845843150455 0.9820752335268872 0.049478290138000675 0.03231507195152739
0 0.7991417031302591 0.5023983842464024 0.043924604510265905 0.025246149962130773
0 0.8604005385392124 0.5037869224943197 0.044261191518007406 0.022973996465539007
0 0.9167788623359139 0.5054279222418581 0.04796364860316392 0.02221661196667508
0 0.980477953550993 0.5044180762433729 0.03870750589027264 0.01918707397121939
1 0.02448670481319421 0.01363292097955062 0.04830023561090542 0.02726584195910124
1 0.02415011780545271 0.028401918707397122 0.04830023561090542 0.0260035344609947
1 0.07278694042409962 0.01830345872254481 0.05705149781218445 0.03660691744508962
1 0.07160888589700437 0.02966422620550366 0.049983170649612926 0.025498611461752082
1 0.12268596432177718 0.0276445342085332 0.04779535509929317 0.02095430446856854
1 0.12470548636822619 0.014137843978793235 0.046449007068327164 0.02827568795758647
1 0.1709861999326826 0.01729361272405958 0.049478290138000675 0.031052764453420853
1 0.17149108044429484 0.03054784145417824 0.04779535509929317 0.021711688967432467
1 0.21676203298552676 0.015021459227467811 0.047122181083810166 0.027518303458722543
1 0.21852911477616965 0.03231507195152739 0.044261191518007406 0.023226457965160312
1 0.26455738808481993 0.028149457207775813 0.049814877145742176 0.025498611461752082
1 0.2640525075732077 0.01464276697803585 0.049478290138000675 0.0292855339560717
1 0.3110063951531471 0.02019691996970462 0.040727027936721644 0.038879070941681394
1 0.35316391787277013 0.019439535470840697 0.0422416694715584 0.03736430194395355
1 0.39347021204981486 0.019439535470840697 0.040727027936721644 0.03837414794243878
1 0.4347862672500841 0.020449381469325928 0.0419050824638169 0.040898762938651856
1 0.47610232245035344 0.02019691996970462 0.040727027936721644 0.04039383993940924
1 0.5180915516661057 0.020449381469325928 0.03887579939414339 0.040898762938651856
1 0.5589027263547627 0.021332996718000506 0.04039044092898014 0.042161070436758395
1 0.5984516997643891 0.021964150467053776 0.03870750589027264 0.043423377934864935
1 0.637664086166274 0.02209038121686443 0.03870750589027264 0.04165614743751578
1 0.6789801413665433 0.02120676596818985 0.0432514304947829 0.0424135319363797
1 0.7223157186132615 0.02246907346629639 0.04005385392123864 0.04493814693259278
1 0.762790306294177 0.02221661196667508 0.038539212386401886 0.04443322393335016
1 0.802002692696062 0.02120676596818985 0.03921238640188489 0.03988891694016662
1 0.841719959609559 0.023226457965160312 0.041231908448333895 0.04594799293107801
1 0.8831201615617638 0.02221661196667508 0.03887579939414339 0.04392830093410755
1 0.9219118142039717 0.02284776571572835 0.04341972399865365 0.0456955314314567
1 0.9633961629081117 0.023352688714970968 0.03921238640188489 0.046705377429941936
1 0.9916694715583978 0.024236303963645543 0.0143049478290138 0.04140368593789447
1 0.9843487041400202 0.1302701338045948 0.03096600471221811 0.052511991921232015
1 0.9843487041400202 0.16245897500631154 0.03096600471221811 0.027518303458722543
1 0.9528778189161898 0.16763443574854833 0.035005048805116123 0.013127997980308004
1 0.9124873779872097 0.14175713203736431 0.040727027936721644 0.0648826054026761
1 0.8880848199259509 0.148068669527897 0.0043756311006395154 0.054279222418581165
1 0.8751262201279031 0.15223428427164856 0.02255132951868058 0.0489775309265337
1 0.8618310333221137 0.15639989901540016 0.003702457085156513 0.03812168644281747
1 0.8260686637495792 0.13430951779853573 0.03719286435543588 0.03988891694016662
1 0.7938404577583306 0.13645544054531683 0.024907438572871088 0.03408230244887655
1 0.7707842477280377 0.13115374905326938 0.01716593739481656 0.03862660944206009
1 0.7157522719623023 0.19288058571067912 0.06159542241669472 0.0489775309265337
1 0.6814203971726691 0.1890936632163595 0.0043756311006395154 0.03382984094925524
1 0.6788118478626725 0.19628881595556677 0.0035341635812857625 0.028528149457207774
1 0.5282733086502861 0.19325927796011108 0.06462470548636823 0.051754607422368086
1 0.4591046785594076 0.19224943196162586 0.06193200942443622 0.06387275940419086
1 0.3949007068327163 0.19098712446351931 0.06546617300572198 0.06084322140873517
1 0.3307808818579603 0.194016662458975 0.06311006395153147 0.05983337541024994
1 0.27019522046449007 0.19805604645291594 0.058397845843150456 0.04266599343600101
1 0.21600471221810838 0.15450643776824036 0.06344665095927297 0.04594799293107801
1 0.25126220127903065 0.15728351426407472 0.0043756311006395154 0.03483968694774047
1 0.20893638505553686 0.20045443069931834 0.06142712891282397 0.04392830093410755
1 0.1671995960955907 0.1344357485483464 0.046617300572197914 0.03812168644281747
1 0.16425445977785258 0.16788689724816966 0.041400201952204646 0.029790456955314314
1 0.16164591046785595 0.19325927796011108 0.03651969033995288 0.03357737944963393
1 0.15996297542914845 0.21560212067659681 0.035846516324469876 0.01565261297652108
1 0.12319084483338943 0.13759151729361271 0.043756311006395154 0.03938399394092401
1 0.12251767081790643 0.16851805099722292 0.044092898014136656 0.03408230244887655
1 0.12184449680242343 0.1970462004544307 0.044092898014136656 0.03408230244887655
1 0.12108717603500505 0.21610704367583944 0.0429148434870414 0.01464276697803585
1 0.07817233254796364 0.1351931330472103 0.0432514304947829 0.033072456450391315
1 0.07766745203635139 0.171042665993436 0.0425782564792999 0.03458722544811916
1 0.07758330528441602 0.19805604645291594 0.043756311006395154 0.03610199444584701
1 0.07859306630764053 0.21724312042413532 0.04510265903736116 0.011360767482958849
1 0.03096600471221811 0.1354455945468316 0.04880511612251767 0.0391315324413027
1 0.03189161898350724 0.16738197424892703 0.05065634466509593 0.03685937894471093
1 0.02987209693705823 0.19477404695783893 0.04729047458768092 0.03458722544811916
1 0.031386738471894986 0.2148447361777329 0.04762706159542242 0.015147689977278465
1 0.004880511612251767 0.12875536480686695 0.009761023224503534 0.03483968694774047
1 0.004459777852574891 0.16157535975763695 0.008919555705149781 0.03534460994698309
1 0.004039044092898014 0.19502650845746022 0.007741501178054527 0.0325675334511487
1 0.0038707505890272637 0.21547588992678615 0.006058566139347021 0.013885382479171926
1 0.025833052844160216 0.31317849028023226 0.05031975765735443 0.049734915425397624
1 0.08835408953214406 0.31406210552890684 0.06226859643217772 0.04190860893713708
1 0.12344328508919555 0.31078010603382983 0.008246381689666779 0.026255995960616008
1 0.13185796028273308 0.3117899520323151 0.005890272635476271 0.02575107296137339
1 0.07421743520700101 0.3574854834637718 0.06294177044766072 0.0358495329462257
1 0.021204981487714575 0.358495329462257 0.041063614944463145 0.03786922494319616
1 0.14456411982497475 0.3497854077253219 0.061258835408953216 0.046705377429941936
1 0.20843150454392462 0.35016409997475384 0.05738808481992595 0.04443322393335016
1 0.2564792998990239 0.31822772027265844 0.038370918882531135 0.03559707144660439
1 0.2562268596432178 0.3465034082302449 0.03752945136317738 0.03054784145417824
1 0.256058566139347 0.3672052511991921 0.03719286435543588 0.016409997475385005
1 0.29240996297542915 0.3172178742741732 0.03483675530124537 0.031052764453420853
1 0.2920733759676876 0.3467558697298662 0.03483675530124537 0.02903307245645039
1 0.2920733759676876 0.3678364049482454 0.03416358128576237 0.016157535975763696
1 0.32977112083473575 0.3181014895228478 0.03719286435543588 0.03685937894471093
1 0.32909794681925275 0.34587225448119163 0.037866038370918884 0.03281999495077001
1 0.3280040390440929 0.3685937894471093 0.03938067990575564 0.017672304973491544
1 0.36570178391114105 0.28805857106791216 0.03163917872770111 0.03332491795001262
1 0.36561763715920564 0.31709164352436253 0.03382699427802087 0.03332491795001262
1 0.3646920228879165 0.3470083312294875 0.032648939750925615 0.03357737944963393
1 0.3653651969033995 0.3677101741984347 0.03365870077415012 0.016409997475385005
1 0.4012117132278694 0.2857864175713204 0.03736115785930663 0.03534460994698309
1 0.39969707169303265 0.3150719515273921 0.03870750589027264 0.034334763948497854
1 0.4002860989565803 0.345367331481949 0.03752945136317738 0.03483968694774047
1 0.400454392460451 0.36707902044938145 0.03719286435543588 0.01918707397121939
1 0.4359643217771794 0.2900782630648826 0.035173342308986874 0.031810148952284775
1 0.436553349040727 0.3184801817722797 0.03702457085156513 0.0325675334511487
1 0.4366374957926624 0.3468821004796768 0.035173342308986874 0.03231507195152739
1 0.43714237630427466 0.3685937894471093 0.03349040727027937 0.01666245897500631
1 0.47197913160552 0.2918454935622318 0.035509929316728375 0.034334763948497854
1 0.4730730393806799 0.32138348901792474 0.03635139683608213 0.03332491795001262
1 0.47256815886906767 0.34852310022721533 0.03332211376640862 0.0325675334511487
1 0.47256815886906767 0.36909871244635195 0.03466846179737462 0.01565261297652108
1 0.5084146751935376 0.2926028780610957 0.035341635812857625 0.03130522595304216
1 0.5083305284416022 0.3210047967684928 0.03450016829350387 0.030042918454935622
1 0.5081622349377314 0.3491542539762686 0.03483675530124537 0.028780610956829083
1 0.5083305284416022 0.3698560969452159 0.03651969033995288 0.01666245897500631
1 0.5438404577583306 0.3206261045190608 0.03651969033995288 0.03685937894471093
1 0.5438404577583306 0.34928048472607925 0.03651969033995288 0.02903307245645039
1 0.5446819252776843 0.36998232769502654 0.03416358128576237 0.016409997475385005
1 0.580276001346348 0.31835395102246905 0.03433187478963312 0.03231507195152739
1 0.5811174688657018 0.348649330977026 0.03668798384382363 0.03130522595304216
1 0.5811174688657018 0.3697298661954052 0.03668798384382363 0.015400151476899772
1 0.6159542241669471 0.32087856601868214 0.03130259171995961 0.03332491795001262
1 0.6161225176708179 0.349028023226458 0.032312352743184114 0.02953799545569301
1 0.615701783911141 0.37124463519313305 0.03416358128576237 0.01691492047462762
1 0.6523897677549647 0.35054279222418583 0.03651969033995288 0.03408230244887655
1 0.6527263547627061 0.3706134814440798 0.037866038370918884 0.019691996970462006
1 0.6892460451026591 0.34801817722797274 0.03651969033995288 0.03458722544811916
1 0.6910972736452373 0.37212825044180764 0.035509929316728375 0.019691996970462006
1 0.6979131605520027 0.3146932592779601 0.02255132951868058 0.03812168644281747
1 0.7277011107371255 0.2866700328199949 0.035341635812857625 0.033072456450391315
1 0.7295523392797038 0.3181014895228478 0.03870750589027264 0.0358495329462257
1 0.728037697744867 0.3461247159808129 0.038370918882531135 0.034334763948497854
1 0.7284584315045439 0.3702347891946478 0.038202625378660385 0.02095430446856854
1 0.776001346348031 0.26445342085331985 0.05957590037024571 0.0648826054026761
1 0.7791147761696399 0.3317344105023984 0.058061258835408955 0.06866952789699571
1 0.8354930999663412 0.2652108053521838 0.055031975765735444 0.06538752840191871
1 0.8882531134298216 0.26735672809896494 0.05149781218444968 0.06362029790456955
1 0.9418545944126556 0.26824034334763946 0.05334904072702794 0.0648826054026761
1 0.9429485021878156 0.33097702600353446 0.055536856277347696 0.057561221913658166
1 0.8889262874453047 0.3300934107548599 0.05183439919219118 0.058823529411764705
1 0.8349040727027937 0.3300934107548599 0.055200269269606195 0.058823529411764705
1 0.9835072366206664 0.2696288815955567 0.030629417704476608 0.06463014390305478
1 0.9853584651632447 0.33186064125220904 0.028946482665769102 0.05781368341327948
1 0.9711376640861663 0.4604897753092653 0.05738808481992595 0.06311537490532694
1 0.9081117468865701 0.4592274678111588 0.06563446650959273 0.06160060590759909
1 0.8470212049814877 0.46402423630396367 0.06563446650959273 0.047967684928048475
1 0.7829855267586671 0.46793738954809394 0.05940760686637496 0.04317091643524362
1 0.7519353752945136 0.4584700833122949 0.007741501178054527 0.023226457965160312
1 0.7460451026590373 0.4604897753092653 0.007404914170313026 0.02120676596818985
1 0.7409962975429149 0.46503408230244886 0.0063951531470885226 0.021711688967432467
1 0.7366206664422753 0.4646553900530169 0.005385392123864019 0.01994445847008331
1 0.7202961965668125 0.46238323655642516 0.024570851565129587 0.017419843473870236
1 0.7216425445977785 0.4786670032819995 0.024570851565129587 0.016157535975763696
1 0.7408280040390441 0.4473617773289573 0.019185459441265568 0.012623074981065387
1 0.7285425782564793 0.5285281494572078 0.06159542241669472 0.08104014137843979
1 0.6714069336923595 0.5289068417066397 0.05907101985863346 0.07573844988639232
1 0.6565129585997981 0.46919969704620046 0.05856613934702121 0.04064630143903055
1 0.6053517334230899 0.4678111587982833 0.058229552339279705 0.045443069931835396
1 0.6132615281050151 0.529159303206261 0.05318074722315719 0.07624337288563494
1 0.5577246718276675 0.5294117647058824 0.05890272635476271 0.07523352688714971
1 0.5561258835408953 0.46844231254733654 0.05065634466509593 0.04418076243372886
1 0.5063110063951531 0.463519313304721 0.04863682261864692 0.06160060590759909
1 0.502019522046449 0.5306740722039889 0.05318074722315719 0.07119414289320879
1 0.4287277011107371 0.5172936127240596 0.08768091551666106 0.10148952284776572
1 0.4342813867384719 0.4611209290583186 0.07993941433860653 0.015905074476142388
1 0.33532480646247054 0.5042918454935622 0.08768091551666106 0.12345367331481949
1 0.28357455402221476 0.5213329967180005 0.012790306294177045 0.029790456955314314
1 0.2839952877818916 0.5530169149204747 0.01127566475934029 0.03054784145417824
1 0.2564792998990239 0.48699823276950266 0.049814877145742176 0.03837414794243878
1 0.2551329518680579 0.5199444584700833 0.04745876809155167 0.033072456450391315
1 0.25521709861999325 0.5520070689219894 0.04560753954897341 0.02903307245645039
1 0.2515987882867721 0.457334006563999 0.017502524402558062 0.017419843473870236
1 0.21911814203971727 0.45569300681646047 0.043756311006395154 0.026255995960616008
1 0.20784247728037697 0.48624084827063874 0.04442948502187816 0.03281999495077001
1 0.20817906428811847 0.5194395354708407 0.043756311006395154 0.03357737944963393
1 0.20784247728037697 0.5509972229235042 0.04442948502187816 0.03054784145417824
1 0.16257152473914507 0.48409492552385763 0.04510265903736116 0.03610199444584701
1 0.1631605520026927 0.5199444584700833 0.046617300572197914 0.03458722544811916
1 0.16223493773140357 0.5513759151729362 0.04611242006058566 0.03029537995455693
1 0.12445304611242006 0.45140116132289826 0.05065634466509593 0.036354455945468316
1 0.11990912150790979 0.48497854077253216 0.043924604510265905 0.034334763948497854
1 0.11831033322113767 0.5195657662206513 0.04173678895994615 0.036354455945468316
1 0.11805789296533153 0.5509972229235042 0.0429148434870414 0.02953799545569301
1 0.07211376640861662 0.4876293865185559 0.04863682261864692 0.0325675334511487
1 0.08835408953214406 0.4550618530674072 0.019185459441265568 0.02953799545569301
1 0.06807472231571861 0.4564503913153244 0.018680578929653316 0.026255995960616008
1 0.03189161898350724 0.4529159303206261 0.05301245371928644 0.03231507195152739
1 0.027095254123190846 0.48497854077253216 0.04341972399865365 0.03685937894471093
1 0.02591719959609559 0.5184296894723555 0.04476607202961966 0.0325675334511487
1 0.02541231908448334 0.5498611461752083 0.04577583305284416 0.03029537995455693
1 0.07303938067990576 0.520828073718758 0.046785594076068665 0.03281999495077001
1 0.07287108717603501 0.5516283766725575 0.046449007068327164 0.029790456955314314
1 0.00286098956580276 0.45556677606664986 0.005385392123864019 0.02802322645796516
1 0.002271962302255133 0.4881343095177985 0.004543924604510266 0.03660691744508962
1 0.0018512285425782565 0.520449381469326 0.0030292830696735107 0.02802322645796516
1 0.03492090205318075 0.6139863670790204 0.038539212386401886 0.019691996970462006
1 0.0032817233254796366 0.6464276697803585 0.006563446650959273 0.03408230244887655
1 0.028946482665769102 0.6465539005301691 0.046785594076068665 0.0358495329462257
1 0.027515987882867722 0.680131279979803 0.04560753954897341 0.030800302953799544
1 0.02591719959609559 0.7115627366826559 0.04577583305284416 0.033072456450391315
1 0.025496465836418715 0.7416056551375915 0.046617300572197914 0.030042918454935622
1 0.07674183776506227 0.6461752082807372 0.05048805116122518 0.03711184044433224
1 0.07564792998990238 0.6796263569805605 0.05132951868057893 0.03281999495077001
1 0.07547963648603163 0.7114365059328452 0.05132951868057893 0.036354455945468316
1 0.07489060922248401 0.7404695783892956 0.052507573207674185 0.03483968694774047
1 0.12537866038370918 0.6730623579904065 0.046785594076068665 0.038879070941681394
1 0.12470548636822619 0.7066397374400404 0.04476607202961966 0.034334763948497854
1 0.1236115785930663 0.7378187326432719 0.043924604510265905 0.03206261045190609
1 0.11612251767081791 0.6378439787932341 0.024570851565129587 0.0325675334511487
1 0.14767754964658364 0.6322898258015652 0.030461124200605857 0.028528149457207774
1 0.17107034668461799 0.6734410502398385 0.046953887579939416 0.03559707144660439
1 0.1713227869404241 0.7082807371875789 0.047122181083810166 0.03357737944963393
1 0.17022887916526422 0.7388285786417571 0.04796364860316392 0.03357737944963393
1 0.20489734096263884 0.667760666498359 0.02002692696061932 0.03382984094925524
1 0.2286267250084147 0.6709164352436253 0.024739145069000337 0.033072456450391315
1 0.21844496802423427 0.7051249684423125 0.04510265903736116 0.03786922494319616
1 0.21768764725681589 0.740343347639485 0.043588017502524404 0.03155768745266347
1 0.2646415348367553 0.6452915930320626 0.04560753954897341 0.0358495329462257
1 0.26506226859643217 0.6795001262307498 0.046449007068327164 0.0325675334511487
1 0.26346348030966005 0.7110578136834133 0.04493436553349041 0.033072456450391315
1 0.2631268933019185 0.7411007321383489 0.04560753954897341 0.03155768745266347
1 0.31117468865701786 0.64478667003282 0.04880511612251767 0.03382984094925524
1 0.3105856613934702 0.677985357233022 0.04729047458768092 0.03206261045190609
1 0.31041736788959945 0.7108053521837919 0.04897340962638842 0.03206261045190609
1 0.3102490743857287 0.7413531936379703 0.04796364860316392 0.0325675334511487
1 0.3579602827330865 0.6460489775309265 0.047122181083810166 0.03483968694774047
1 0.35745540222147426 0.6782378187326433 0.046449007068327164 0.0325675334511487
1 0.3577078424772804 0.7086594294370109 0.04527095254123191 0.03281999495077001
1 0.35745540222147426 0.7402171168896743 0.04510265903736116 0.03281999495077001
1 0.4042409962975429 0.6450391315324413 0.046449007068327164 0.03534460994698309
1 0.4036519690339953 0.6797525877303712 0.04628071356445641 0.0325675334511487
1 0.40373611578593066 0.7105528906841707 0.04745876809155167 0.033072456450391315
1 0.4032312352743184 0.7397121938904317 0.046449007068327164 0.031810148952284775
1 0.45069000336587006 0.6475637465286543 0.04274654998317065 0.03483968694774047
1 0.44984853584651635 0.6789952032315072 0.04745876809155167 0.03357737944963393
1 0.45077415011780547 0.7110578136834133 0.04729047458768092 0.03408230244887655
1 0.45052170986199935 0.7422368088866448 0.04611242006058566 0.030800302953799544
1 0.49276337933355774 0.7116889674324666 0.035005048805116123 0.08533198687200202
1 0.5337428475260855 0.7140873516788689 0.041231908448333895 0.08356475637465287
1 0.586082127229889 0.7143398131784903 0.0415684954560754 0.08305983337541024
1 0.5761528105015147 0.7027265841959102 0.035846516324469876 0.08003029537995456
1 0.6311006395153147 0.7147185054279223 0.043756311006395154 0.08078767987881848
1 0.675782564792999 0.7130775056803837 0.04459777852574891 0.08558444837162332
1 0.7190339952877819 0.7114365059328452 0.0415684954560754 0.0848270638727594
1 0.7059912487377987 0.6659934360010098 0.04442948502187816 0.008078767987881848
1 0.7127229888926288 0.6228225195657662 0.012453719286435544 0.0292855339560717
1 0.7275328172332548 0.6262307498106539 0.018848872433524066 0.03610199444584701
1 0.7480646247054864 0.6273668265589497 0.021204981487714575 0.04443322393335016
1 0.7877818916189835 0.6307750568038374 0.0568832043083137 0.05023983842464024
1 0.7871928643554359 0.5801565261297652 0.05637832379670145 0.049987376925018936
1 0.8443285089195557 0.5804089876293865 0.0575563783237967 0.04948245392577632
1 0.845759003702457 0.6293865185559202 0.057724671827667454 0.04746276192880586
1 0.9037361157859307 0.5815450643776824 0.05890272635476271 0.049229992426155014
1 0.9038202625378661 0.6288815955566776 0.05637832379670145 0.045443069931835396
1 0.9609559071019859 0.5828073718757889 0.0565466173005722 0.0487250694269124
1 0.9623022551329519 0.6300176723049735 0.0572197913160552 0.04367583943448624
1 0.9937731403567822 0.7434991163847513 0.010770784247728038 0.046452915930320623
1 0.9943621676203298 0.7838929563241606 0.010939077751598789 0.045443069931835396
1 0.9828340626051835 0.7376925018934612 0.01682935038707506 0.03130522595304216
1 0.9799730730393806 0.802322645796516 0.01682935038707506 0.014137843978793235
1 0.9851060249074386 0.8399394092400909 0.02810501514641535 0.05604645291593032
1 0.9442948502187816 0.7688714970966928 0.049814877145742176 0.0522595304216107
1 0.8912823964994951 0.7599091138601364 0.041400201952204646 0.05049229992426155
1 0.865701783911141 0.8100227215349659 0.04240996297542915 0.056298914415551626
1 0.9054190508246381 0.8082554910376167 0.03668798384382363 0.051754607422368086
1 0.947744867048132 0.8167129512749306 0.04527095254123191 0.048472607927291085
1 0.9485021878155503 0.8598838677101742 0.04543924604510266 0.046452915930320623
1 0.9071019858633457 0.8567280989649079 0.03702457085156513 0.045190608432214084
1 0.8667115449343655 0.8602625599596062 0.04240996297542915 0.046705377429941936
1 0.822871087176035 0.8572330219641505 0.043924604510265905 0.04771522342842716
1 0.8230393806799058 0.8165867205251199 0.043924604510265905 0.04721030042918455
1 0.8223662066644227 0.7759404190860894 0.04560753954897341 0.044685685432971474
1 0.8219454729047458 0.7315071951527392 0.04543924604510266 0.05074476142388286
1 0.777600134634803 0.7289825801565262 0.0422416694715584 0.049734915425397624
1 0.7768428138673847 0.7737944963393083 0.046785594076068665 0.045443069931835396
1 0.7788623359138337 0.8153244130270134 0.04476607202961966 0.0456955314314567
1 0.7792830696735106 0.8554657914668014 0.044261191518007406 0.049229992426155014
1 0.7473914506900033 0.9136581671295128 0.04207337596768765 0.09946983085079525
1 0.6651800740491417 0.9127745518808382 0.03988556041736789 0.10022721534965917
1 0.6266408616627398 0.9152991668770513 0.03954897340962639 0.09972229235041656
1 0.5828004039044092 0.9063367836404949 0.03736115785930663 0.09694521585458217
1 0.5453550992931673 0.9144155516283766 0.03685627734769438 0.10300429184549356
1 0.5021036687983844 0.9144155516283766 0.03719286435543588 0.10300429184549356
1 0.47812184449680245 0.8154506437768241 0.052507573207674185 0.036354455945468316
1 0.4622181083810165 0.9144155516283766 0.03719286435543588 0.10148952284776572
1 0.4176203298552676 0.9169401666245898 0.037866038370918884 0.10249936884625095
1 0.3784920902053181 0.9155516283766726 0.03736115785930663 0.10174198434738703
1 0.020447660720296197 0.8359000252461499 0.040895321440592394 0.049987376925018936
1 0.019017165937394817 0.8735167886897248 0.038034331874789634 0.0424135319363797
1 0.018848872433524066 0.9067154758899267 0.03769774486704813 0.044685685432971474
1 0.01859643217771794 0.9399141630901288 0.03719286435543588 0.043423377934864935
1 0.06496129249410973 0.8359000252461499 0.05419050824638169 0.0520070689219894
1 0.10265903736115786 0.8045947992931078 0.0286098956580276 0.022721534965917698
1 0.1475092561427129 0.8048472607927291 0.044261191518007406 0.01918707397121939
1 0.19303264893975092 0.8061095682908357 0.03601480982834063 0.02827568795758647
1 0.1600471221810838 0.8371623327442566 0.05149781218444968 0.046452915930320623
1 0.10939077751598789 0.8382984094925524 0.05419050824638169 0.05074476142388286
1 0.1072871087176035 0.8765463266851805 0.05065634466509593 0.04140368593789447
1 0.10686637495792663 0.9096187831355719 0.05183439919219118 0.043423377934864935
1 0.10652978795018513 0.9414289320878566 0.052170986199932684 0.04291845493562232
1 0.059155166610568834 0.87452663468821 0.043924604510265905 0.03736430194395355
1 0.05898687310669808 0.9075990911386014 0.043924604510265905 0.038879070941681394
1 0.1593739481656008 0.8740217116889675 0.05116122517670818 0.04493814693259278
1 0.1563446650959273 0.9092400908861399 0.04813194210703467 0.039636455440545316
1 0.15609222484012117 0.9411764705882353 0.04863682261864692 0.03988891694016662
1 0.2057388084819926 0.871623327442565 0.05065634466509593 0.0487250694269124
1 0.2231571861326153 0.8211310275183035 0.038370918882531135 0.04317091643524362
1 0.20557051497812184 0.9079777833880334 0.049983170649612926 0.04620045443069932
1 0.20523392797038034 0.9415551628376673 0.05132951868057893 0.042161070436758395
1 0.25664759340289467 0.8399394092400909 0.04880511612251767 0.049987376925018936
1 0.25673174015483 0.8775561726836657 0.049646583641871425 0.03988891694016662
1 0.25412319084483337 0.9118909366321636 0.04577583305284416 0.03837414794243878
1 0.25395489734096266 0.9437010855844483 0.04543924604510266 0.03837414794243878
1 0.29863682261864694 0.9137843978793234 0.04055873443285089 0.10022721534965917
1 0.34937731403567823 0.891315324413027 0.03769774486704813 0.08709921736935117
1 0.2707001009761023 0.8042161070436759 0.0422416694715584 0.01994445847008331
1 0.7070851565129586 0.9122696288815956 0.04055873443285089 0.09568290835647564
1 0.7876135981151128 0.9567028528149457 0.03870750589027264 0.06235799040646301
1 0.7892965331538203 0.9907851552638223 0.04039044092898014 0.01792476647311285
1 0.8332211376640861 0.9555667760666499 0.04442948502187816 0.05907599091138602
1 0.8323796701447325 0.9885130017672304 0.04846852911477617 0.02246907346629639
1 0.8816896667788623 0.9574602373138097 0.04846852911477617 0.0618530674072204
1 0.8825311342982161 0.9888916940166624 0.049478290138000675 0.020701842968947236
1 0.9300740491417031 0.956576622065135 0.04729047458768092 0.05402676091895986
1 0.9320935711881522 0.9877556172683666 0.04863682261864692 0.022973996465539007
1 0.9628071356445641 0.9510224690734663 0.018175698418041064 0.046452915930320623
1 0.9951194883877482 0.9592274678111588 0.009087849209020532 0.058823529411764705
1 0.9769437899697072 0.9875031557687453 0.043756311006395154 0.02448876546326685
