1 0.05489417989417989 0.07428075396825397 0.1078042328042328 0.14360119047619047
1 0.26008597883597884 0.6030505952380952 0.13326719576719576 0.1515376984126984
1 0.3921957671957672 0.6018105158730159 0.12764550264550265 0.1515376984126984
1 0.5251322751322751 0.6031746031746031 0.13227513227513227 0.15476190476190477
1 0.658068783068783 0.6041666666666666 0.1349206349206349 0.15426587301587302
1 0.5142195767195767 0.42373511904761907 0.13425925925925927 0.1470734126984127
1 0.781084656084656 0.4253472222222222 0.1283068783068783 0.1453373015873016
1 0.9226190476190477 0.4226190476190476 0.1541005291005291 0.15029761904761904
1 0.11888227513227513 0.7813740079365079 0.1001984126984127 0.1416170634920635
1 0.17410714285714285 0.7713293650793651 0.10747354497354497 0.13442460317460317
1 0.2240410052910053 0.7684771825396826 0.1259920634920635 0.14012896825396826
1 0.05042989417989418 0.7682291666666666 0.09821428571428571 0.14459325396825398
1 0.3082010582010582 0.7361111111111112 0.07738095238095238 0.08283730158730158
1 0.359457671957672 0.7467757936507936 0.02513227513227513 0.10218253968253968
1 0.5532407407407407 0.7611607142857143 0.11970899470899471 0.13095238095238096
1 0.5497685185185185 0.9312996031746031 0.12665343915343916 0.12797619047619047
0 0.8391203703703703 0.859375 0.045965608465608467 0.01488095238095238
0 0.046957671957671955 0.8482142857142857 0.03835978835978836 0.014384920634920634
0 0.2845568783068783 0.8566468253968254 0.0419973544973545 0.015376984126984126
1 0.7936507936507936 0.6024305555555556 0.13161375661375663 0.1527777777777778
1 0.923941798941799 0.6030505952380952 0.12367724867724868 0.15203373015873015
1 0.11061507936507936 0.4280753968253968 0.14054232804232805 0.1433531746031746
1 0.24966931216931218 0.4253472222222222 0.1335978835978836 0.14781746031746032
1 0.3811177248677249 0.4259672619047619 0.1292989417989418 0.14459325396825398
1 0.9193121693121693 0.9324156746031746 0.15806878306878308 0.1307043650793651
1 0.7782738095238095 0.9185267857142857 0.10615079365079365 0.1029265873015873
1 0.6780753968253969 0.9393601190476191 0.13723544973544974 0.1158234126984127
1 0.796792328042328 0.2442956349206349 0.12400793650793651 0.1388888888888889
1 0.5815145502645502 0.07056051587301587 0.13855820105820105 0.14112103174603174
0 0.8850859788359788 0.32155257936507936 0.04794973544973545 0.01066468253968254
0 0.7056878306878307 0.3203125 0.047619047619047616 0.012648809523809524
0 0.531415343915344 0.32180059523809523 0.04828042328042328 0.011160714285714286
0 0.8587962962962963 0.6879960317460317 0.04894179894179894 0.014384920634920634
0 0.5054563492063492 0.8587549603174603 0.04332010582010582 0.014136904761904762
0 0.09986772486772487 0.6861359126984127 0.04563492063492063 0.015128968253968254
0 0.9206349206349206 0.5065724206349206 0.04894179894179894 0.014136904761904762
0 0.701223544973545 0.6879960317460317 0.044642857142857144 0.011408730158730158
1 0.644510582010582 0.7486359126984127 0.062169312169312166 0.10441468253968254
1 0.7743055555555556 0.777281746031746 0.1550925925925926 0.15575396825396826
1 0.1476521164021164 0.9234871031746031 0.09689153439153439 0.12574404761904762
1 0.0496031746031746 0.9273313492063492 0.09656084656084656 0.14087301587301587
1 0.027777777777777776 0.6134672619047619 0.05555555555555555 0.12822420634920634
1 0.023644179894179895 0.42671130952380953 0.04728835978835979 0.13814484126984128
1 0.04943783068783069 0.2630208333333333 0.09887566137566138 0.10788690476190477
1 0.1378968253968254 0.2614087301587302 0.07738095238095238 0.11011904761904762
1 0.2490079365079365 0.24987599206349206 0.14484126984126985 0.13219246031746032
1 0.39798280423280424 0.25483630952380953 0.12400793650793651 0.11879960317460317
0 0.6383928571428571 0.5060763888888888 0.04662698412698413 0.013640873015873016
0 0.5074404761904762 0.5069444444444444 0.044642857142857144 0.012896825396825396
1 0.5287698412698413 0.24553571428571427 0.13227513227513227 0.13740079365079366
1 0.6653439153439153 0.24454365079365079 0.1388888888888889 0.13293650793650794
1 0.9097222222222222 0.25322420634920634 0.10449735449735449 0.12103174603174603
1 0.7374338624338624 0.07080853174603174 0.1746031746031746 0.1416170634920635
1 0.44460978835978837 0.07080853174603174 0.13855820105820105 0.1416170634920635
0 0.15873015873015872 0.15389384920634921 0.046957671957671955 0.01066468253968254
0 0.2612433862433862 0.1511656746031746 0.046957671957671955 0.009176587301587302
0 0.7091600529100529 0.14781746031746032 0.049933862433862435 0.008928571428571428
0 0.615244708994709 0.32217261904761907 0.045965608465608467 0.01240079365079365
0 0.4021164021164021 0.3216765873015873 0.04563492063492063 0.011904761904761904
0 0.2736441798941799 0.3237847222222222 0.04794973544973545 0.011160714285714286
0 0.14302248677248677 0.3237847222222222 0.04728835978835979 0.012152777777777778
0 0.2361111111111111 0.5068204365079365 0.047619047619047616 0.01314484126984127
0 0.3854166666666667 0.5064484126984127 0.045304232804232805 0.014384920634920634
1 0.12318121693121693 0.6067708333333334 0.13525132275132276 0.140625
0 0.04646164021164021 0.5243055555555556 0.09027777777777778 0.04811507936507937
1 0.4113756613756614 0.9342757936507936 0.13293650793650794 0.12698412698412698
1 0.43154761904761907 0.7578125 0.11838624338624339 0.12425595238095238
1 0.26273148148148145 0.933655753968254 0.16567460317460317 0.12425595238095238
1 0.6479828042328042 0.42410714285714285 0.13525132275132276 0.1463293650793651
1 0.8984788359788359 0.07142857142857142 0.16666666666666666 0.14285714285714285
0 0.6598875661375662 0.32018849206349204 0.03736772486772487 0.011408730158730158
1 0.30340608465608465 0.07056051587301587 0.1359126984126984 0.14112103174603174
1 0.17046957671957672 0.07452876984126984 0.1292989417989418 0.14459325396825398
0 0.1109457671957672 0.15575396825396826 0.04728835978835979 0.00992063492063492
1 0.9088955026455027 0.7767857142857143 0.13260582010582012 0.14434523809523808
