0 0.06699965552876334 0.11557009989665863 0.05339304168101963 0.025146400275576988
0 0.1538064071650017 0.11539786427833276 0.054081984154323116 0.02686875645883569
0 0.24853599724423012 0.11660351360661385 0.054081984154323116 0.029280055115397864
0 0.3286255597657596 0.11780916293489493 0.054426455390974855 0.028246641405442644
0 0.418015845676886 0.1174646916982432 0.05339304168101963 0.028935583878746125
0 0.5420254908715122 0.11918704788150189 0.0513262142611092 0.028935583878746125
0 0.026179813985532208 0.31484671029968997 0.04891491560454702 0.02411298656562177
0 0.22338959696865313 0.3157078883913193 0.052704099207716154 0.027213227695487428
0 0.2771271098863245 0.3157078883913193 0.052015156734412676 0.029280055115397864
0 0.3422321736135033 0.31519118153634174 0.04925938684119876 0.029624526352049603
0 0.4111264209438512 0.3169135377196004 0.04925938684119876 0.028246641405442644
0 0.5471925594212883 0.31898036513951084 0.0478815018945918 0.029624526352049603
0 0.6141922149500517 0.3196693076128143 0.05098174302445746 0.027557698932139166
0 0.003961419221495005 0.49896658629004476 0.00792283844299001 0.025146400275576988
0 0.07785049948329315 0.49793317258008957 0.0461591457113331 0.025146400275576988
0 0.12831553565277298 0.49896658629004476 0.052015156734412676 0.025146400275576988
0 0.20392697209782984 0.4984498794350672 0.05098174302445746 0.02411298656562177
0 0.27729934550465035 0.4981054081984154 0.050292800551153975 0.02686875645883569
0 0.336031691353772 0.49896658629004476 0.049948329314502236 0.025146400275576988
0 0.40182569755425424 0.4993110575266965 0.049948329314502236 0.02583534274888047
0 0.48070961074750257 0.49896658629004476 0.04925938684119876 0.026524285222183946
0 0.5711333103685842 0.4981054081984154 0.04891491560454702 0.02549087151222873
0 0.6503616947984844 0.49896658629004476 0.04891491560454702 0.027213227695487428
0 0.7457802273510162 0.49982776438167414 0.045470203238029624 0.02549087151222873
0 0.8076128143300034 0.501377884946607 0.049948329314502236 0.02445745780227351
0 0.8573889080261798 0.4994832931450224 0.047537030657940064 0.026179813985532208
0 0.7266620737168447 0.31794695142955565 0.05063727178780572 0.027557698932139166
0 0.8010678608336204 0.31777471581122974 0.052704099207716154 0.02583534274888047
0 0.9018256975542542 0.3176024801929039 0.05167068549776094 0.02686875645883569
0 0.9791594901825698 0.31674130210127455 0.04099207716155701 0.025146400275576988
0 0.9076817085773338 0.5003444712366517 0.050292800551153975 0.025146400275576988
0 0.9581467447468136 0.5006889424733035 0.04925938684119876 0.02583534274888047
0 0.007406131588012401 0.6660351360661385 0.014812263176024801 0.025146400275576988
0 0.09714088873579056 0.6655184292111609 0.04891491560454702 0.027557698932139166
0 0.17878057182225285 0.6668963141577678 0.04822597313124354 0.02480192903892525
0 0.23355149844987944 0.6668963141577678 0.04891491560454702 0.02480192903892525
0 0.28194970719944884 0.6665518429211161 0.0478815018945918 0.02411298656562177
0 0.37409576300378916 0.6655184292111609 0.04891491560454702 0.02411298656562177
0 0.43024457457802273 0.6658629004478126 0.04891491560454702 0.02480192903892525
0 0.48880468480881845 0.665346193592835 0.031002411298656562 0.02583534274888047
0 0.5539097485359973 0.6668963141577678 0.04684808818463658 0.02686875645883569
0 0.6155700998966587 0.6691353771960041 0.0461591457113331 0.02583534274888047
0 0.7211505339304168 0.6694798484326558 0.047192559421288326 0.026524285222183946
0 0.012400964519462624 0.8541164312779883 0.02480192903892525 0.027213227695487428
0 0.10351360661384774 0.8542886668963141 0.04374784705477092 0.02411298656562177
0 0.1715466758525663 0.855838787461247 0.0461591457113331 0.02583534274888047
0 0.25353083017568034 0.8551498449879436 0.0461591457113331 0.02583534274888047
0 0.3348260420254909 0.8549776093696176 0.045470203238029624 0.02549087151222873
0 0.412676541508784 0.8549776093696176 0.0461591457113331 0.027557698932139166
0 0.4758870134343782 0.8549776093696176 0.04650361694798484 0.027557698932139166
0 0.5511539786427834 0.855838787461247 0.045470203238029624 0.02583534274888047
0 0.6152256286600069 0.855838787461247 0.043403375818119184 0.02583534274888047
0 0.8139855322080606 0.6681019634860489 0.04684808818463658 0.023768515328970032
0 0.8768515328970031 0.6684464347227006 0.045125732001377886 0.02445745780227351
0 0.9323114019979332 0.6681019634860489 0.049948329314502236 0.025146400275576988
0 0.9901825697554254 0.6684464347227006 0.018945918015845678 0.02583534274888047
0 0.6727523251808474 0.8560110230795729 0.045470203238029624 0.027557698932139166
0 0.7411298656562177 0.8563554943162246 0.04581467447468136 0.02480192903892525
0 0.769893213916638 0.8432655873234585 0.0 0.0
0 0.7943506717189115 0.8563554943162246 0.0461591457113331 0.02480192903892525
0 0.8894247330347916 0.8572166724078539 0.04478126076472615 0.025146400275576988
0 0.9829486737857389 0.8548053737512917 0.03410265242852222 0.025146400275576988
1 0.018945918015845678 0.0496038580778505 0.03720289355838787 0.09782983120909404
1 0.10248019290389253 0.05184292111608681 0.107130554598691 0.1009300723389597
1 0.26403720289355836 0.05080950740613159 0.08715122287289011 0.09817430244574578
1 0.4424733034791595 0.016879090595935238 0.13262142611091973 0.03238029624526352
1 0.4493627282121943 0.05304857044436789 0.1305545986910093 0.033069238718567
1 0.4460902514640028 0.08732345849121598 0.1288322425077506 0.03410265242852222
1 0.5711333103685842 0.07078883913193249 0.10196348604891492 0.06854977609369618
1 0.6701687909059594 0.05098174302445746 0.05890458146744747 0.10196348604891492
1 0.7595590768170858 0.05580434033758181 0.09851877368239752 0.09714088873579056
1 0.859800206682742 0.06338270754392009 0.08473992421632794 0.07578367206338271
1 0.9547020323802963 0.06493282810885291 0.06234929383396486 0.05821563899414399
1 0.9640027557698932 0.24836376162590423 0.0713055459869101 0.03513606613847744
1 0.9662418188081295 0.2821219428177747 0.06682741991043747 0.03238029624526352
1 0.8709955218739235 0.21960041336548397 0.04099207716155701 0.027902170168790905
1 0.8970031002411298 0.251291767137444 0.062004822597313124 0.03410265242852222
1 0.8926972097829832 0.28315535652772994 0.0747502583534275 0.029624526352049603
1 0.8184636582845333 0.18618670341026525 0.07096107475025835 0.04030313468825353
1 0.8041681019634861 0.21856699965552875 0.08232862555976576 0.03548053737512918
1 0.8176024801929039 0.2531863589390286 0.05821563899414399 0.028246641405442644
1 0.8163968308646228 0.28418877023768513 0.061315880124009646 0.03169135377196004
1 0.9274888046848088 0.371684464347227 0.07199448846021357 0.04891491560454702
1 0.9131932483637616 0.36341715466758523 0.066138477437134 0.03720289355838787
1 0.9324836376162591 0.4156045470203238 0.07165001722356183 0.04030313468825353
1 0.9286944540130899 0.45607991732690323 0.07096107475025835 0.04202549087151223
1 0.837237340682053 0.36238374095763004 0.0644161212538753 0.04478126076472615
1 0.8618670341026524 0.41250430589045817 0.03720289355838787 0.03961419221495005
1 0.8585945573544609 0.4567688598002067 0.04030313468825353 0.03926972097829831
1 0.8050292800551154 0.45297967619703755 0.04409231829142267 0.04409231829142267
1 0.8010678608336204 0.4037202893558388 0.04168101963486049 0.0461591457113331
1 0.9846710299689976 0.4042369962108164 0.028591112642094386 0.027902170168790905
1 0.9826042025490872 0.4447123665173958 0.03410265242852222 0.06062693765070617
1 0.7366517395797451 0.2549087151222873 0.09266276265931794 0.07785049948329315
1 0.6352049603858078 0.24991388219083707 0.08611780916293489 0.054770926627626594
1 0.6331381329658974 0.20427144333448158 0.07991732690320358 0.03238029624526352
1 0.6389941439889769 0.17258008956252152 0.07647261453668619 0.02686875645883569
1 0.5525318635893903 0.25008611780916296 0.07096107475025835 0.08749569410954185
1 0.7599035480537375 0.40458146744746815 0.04271443334481571 0.04443678952807441
1 0.7309679641749914 0.37030657940062006 0.03926972097829831 0.018601446779193936
1 0.7209782983120909 0.3566999655528763 0.030313468825353084 0.007233895969686531
1 0.756631071305546 0.45418532552531865 0.043058904581467446 0.043058904581467446
1 0.6417499138821908 0.3508439545297968 0.036513951085084394 0.029968997588701342
1 0.6853255253186359 0.35153289700310025 0.03961419221495005 0.028591112642094386
1 0.6524285222183948 0.39321391663796074 0.04133654839820875 0.036169479848432655
1 0.7011712022046159 0.39321391663796074 0.043058904581467446 0.036169479848432655
1 0.6565621770582156 0.429900103341371 0.04409231829142267 0.03513606613847744
1 0.7059937995177402 0.431277988287978 0.04925938684119876 0.03720289355838787
1 0.6551842921116087 0.4617636927316569 0.04271443334481571 0.029280055115397864
1 0.7046159145711333 0.46262487082328624 0.04857044436789528 0.027557698932139166
1 0.5895625215294523 0.4145711333103686 0.07337237340682053 0.12504305890458148
1 0.5043058904581468 0.42834998277643815 0.08611780916293489 0.09610747502583535
1 0.4176713744402342 0.40957630037891835 0.07061660351360662 0.12056493282810886
1 0.35256631071305544 0.40613158801240096 0.054081984154323116 0.1350327247674819
1 0.2826386496727523 0.38908026179813987 0.061660351360661385 0.06234929383396486
1 0.281777471581123 0.44867378573889083 0.06820530485704444 0.056837754047537034
1 0.038064071650017225 0.36358939028591114 0.07268343093351705 0.04925938684119876
1 0.0918015845676886 0.3551498449879435 0.029280055115397864 0.043403375818119184
1 0.03771960041336549 0.4094040647605925 0.0747502583534275 0.03548053737512918
1 0.03203582500861178 0.45366861867034103 0.062004822597313124 0.04202549087151223
1 0.0974853599724423 0.41543231140199793 0.06476059249052704 0.11987599035480537
1 0.15983465380640716 0.4173269032035825 0.05167068549776094 0.12228728901136755
1 0.22166724078539443 0.4157767826386497 0.05063727178780572 0.12332070272132277
1 0.0421977264898381 0.149500516706855 0.08232862555976576 0.012400964519462624
1 0.010334137099552188 0.23561832586978987 0.020668274199104376 0.08129521184981055
1 0.06562177058215639 0.2115053393041681 0.0974853599724423 0.026179813985532208
1 0.059765759559076814 0.23647950396141923 0.09817430244574578 0.02445745780227351
1 0.06269376507061661 0.2617981398553221 0.09162934894936273 0.02342404409231829
1 0.061660351360661385 0.28746124698587666 0.09438511884257665 0.018945918015845678
1 0.13124354116431278 0.19910437478470547 0.07991732690320358 0.019979331725800895
1 0.1705132621426111 0.25473647950396144 0.10816396830864623 0.045125732001377886
1 0.2736823975198071 0.2600757836720634 0.07957285566655184 0.07509472959007923
1 0.3430933517051326 0.18997588701343437 0.07509472959007923 0.07681708577333793
1 0.3548053737512918 0.2616259042369962 0.07165001722356183 0.07268343093351705
1 0.42456079917326905 0.268515328970031 0.06372717878057182 0.05890458146744747
1 0.4855322080606269 0.2786772304512573 0.06097140888735791 0.037891836031691356
1 0.04443678952807441 0.579400620048226 0.08611780916293489 0.13021012745435756
1 0.12159834653806408 0.6040303134688254 0.08198415432311403 0.0809507406131588
1 0.15949018256975542 0.5325525318635894 0.04133654839820875 0.022735101619014812
1 0.22252841887702376 0.5353083017568033 0.06269376507061661 0.03926972097829831
1 0.21064416121253876 0.5954185325525319 0.052015156734412676 0.056837754047537034
1 0.2840165346193593 0.6136755080950741 0.09541853255253187 0.05821563899414399
1 0.2872890113675508 0.5607991732690321 0.09369617636927316 0.035825008611780916
1 0.371684464347227 0.6128143300034448 0.06889424733034792 0.05718222528418877
1 0.3742679986221151 0.5625215294522907 0.0747502583534275 0.043403375818119184
1 0.36634516017912505 0.5199793317258009 0.06717189114708921 0.012056493282810886
1 0.28987254564243886 0.5342748880468481 0.054770926627626594 0.022046159145711335
1 0.4667585256631071 0.5280744057871167 0.06476059249052704 0.033758181191870476
1 0.4493627282121943 0.5640716500172236 0.06717189114708921 0.04236996210816397
0 0.48070961074750257 0.49896658629004476 0.04925938684119876 0.026524285222183946
1 0.5363417154667586 0.6088529107819497 0.07509472959007923 0.049948329314502236
1 0.44333448157078886 0.6135032724767482 0.06751636238374095 0.05304857044436789
1 0.6219428177747158 0.5403031346882535 0.0809507406131588 0.018256975542542197
1 0.6302101274543576 0.5788839131932484 0.0940406476059249 0.05752669652084051
1 0.6305545986910093 0.6198759903548053 0.08921805029280055 0.02583534274888047
1 0.7223561832586979 0.5840509817430245 0.07991732690320358 0.11470892180502928
1 0.7955563210471925 0.600585601102308 0.059593523940750945 0.09059593523940751
1 0.8112297623148467 0.5315191181536342 0.05304857044436789 0.03513606613847744
1 0.8522218394764037 0.5750947295900792 0.05580434033758181 0.03892524974164657
1 0.8553220806062694 0.6076472614536687 0.047537030657940064 0.02411298656562177
1 0.8587667929727868 0.6315880124009645 0.047537030657940064 0.023768515328970032
1 0.9348949362728212 0.6117809162934895 0.07509472959007923 0.07578367206338271
1 0.9190492593868412 0.5659662418188082 0.052359627971064415 0.010334137099552188
1 0.9107819497071995 0.5564932828108853 0.04133654839820875 0.007233895969686531
1 0.899586634516018 0.5497760936961764 0.03961419221495005 0.00826730967964175
1 0.8871856699965552 0.5434033758181191 0.031346882535308304 0.007233895969686531
1 0.8759903548053738 0.5372028935583879 0.033758181191870476 0.005167068549776094
1 0.8639338615225629 0.5279021701687909 0.04133654839820875 0.009300723389596968
1 0.9874267998622115 0.6209094040647606 0.02307957285566655 0.052015156734412676
1 0.9874267998622115 0.5611436445056838 0.02445745780227351 0.06544953496383052
1 0.9581467447468136 0.5480537375129176 0.03203582500861178 0.047537030657940064
1 0.9288666896314158 0.5289355838787462 0.02307957285566655 0.027902170168790905
1 0.4152600757836721 0.5248019290389252 0.025146400275576988 0.022390630382363073
1 0.7872890113675508 0.35601102307957283 0.03410265242852222 0.02583534274888047
1 0.7650706166035136 0.3508439545297968 0.010334137099552188 0.018945918015845678
1 0.050120564932828106 0.773682397519807 0.0974853599724423 0.12469858766792973
1 0.17034102652428523 0.7258008956252153 0.07061660351360662 0.07027213227695488
1 0.12952118498105408 0.7726489838098519 0.06682741991043747 0.066138477437134
1 0.12555976575955907 0.7335514984498794 0.02307957285566655 0.00792283844299001
1 0.21081639683086462 0.7051326214261109 0.026179813985532208 0.0461591457113331
1 0.24526352049603858 0.7004822597313124 0.01722356183258698 0.015501205649328281
1 0.2342404409231829 0.7202893558387875 0.013778849466069583 0.018601446779193936
1 0.2406131588012401 0.7104719255942129 0.013434378229417844 0.016879090595935238
1 0.22786772304512573 0.7321736135032725 0.012056493282810886 0.01619014812263176
1 0.22252841887702376 0.7426799862211505 0.011712022046159145 0.017912504305890458
1 0.21529452290733725 0.7559421288322425 0.019979331725800895 0.02445745780227351
1 0.186531174646917 0.7995177402686876 0.0747502583534275 0.07027213227695488
1 0.26472614536686184 0.8003789183603169 0.0775060282466414 0.061660351360661385
1 0.2747158112297623 0.7490527040992078 0.06028246641405443 0.014812263176024801
1 0.28367206338270756 0.7332070272132277 0.049948329314502236 0.012745435756114365
1 0.29176713744402344 0.7104719255942129 0.06476059249052704 0.029968997588701342
1 0.2981398553220806 0.6870478815018946 0.05752669652084051 0.011367550809507406
1 0.36668963141577676 0.6880812952118498 0.059593523940750945 0.014812263176024801
1 0.36014467791939375 0.7082328625559766 0.05890458146744747 0.018601446779193936
1 0.3582500861178092 0.7171891147089218 0.05649328281088529 0.0165346193592835
1 0.35428866689631416 0.7292456079917327 0.05890458146744747 0.020668274199104376
1 0.34412676541508785 0.7828108852910782 0.0695831898036514 0.07543920082673097
1 0.4176713744402342 0.7914226662073717 0.07337237340682053 0.07681708577333793
1 0.42438856355494314 0.7402686875645884 0.061315880124009646 0.02411298656562177
1 0.555632104719256 0.7776438167413021 0.07096107475025835 0.06992766104030314
1 0.555632104719256 0.7351016190148123 0.05856011023079573 0.009645194626248708
1 0.6231484671029969 0.7917671374440234 0.05787116775749225 0.07199448846021357
1 0.6172924560799173 0.7471581122976232 0.04822597313124354 0.017912504305890458
1 0.6124698587667929 0.726317602480193 0.04133654839820875 0.020323802962452637
1 0.6787805718222528 0.7886668963141578 0.04857044436789528 0.054081984154323116
1 0.6748191526007579 0.7295900792283845 0.050292800551153975 0.05511539786427833
1 0.6782638649672752 0.6879090595935239 0.05511539786427833 0.011712022046159145
1 0.7228728901136755 0.7015156734412676 0.03892524974164657 0.014123320702721322
1 0.736823975198071 0.7683430933517051 0.07440578711677574 0.11815363417154667
1 0.8132965897347572 0.7647261453668619 0.07302790217016879 0.031002411298656562
1 0.8050292800551154 0.7413021012745435 0.06889424733034792 0.012400964519462624
1 0.821391663796073 0.8100241129865656 0.0843954529796762 0.03548053737512918
1 0.8158801240096452 0.7867723045125732 0.07199448846021357 0.00826730967964175
1 0.9119875990354805 0.8150189459180158 0.08715122287289011 0.02342404409231829
1 0.9118153634171546 0.782983120909404 0.08405098174302446 0.03169135377196004
1 0.9042369962108164 0.7580089562521529 0.07716155700998967 0.014123320702721322
1 0.884946606958319 0.7326903203582501 0.06751636238374095 0.0165346193592835
1 0.8957974509128488 0.7449190492593868 0.06717189114708921 0.00861178091629349
1 0.8746124698587668 0.7204615914571133 0.06682741991043747 0.012745435756114365
1 0.8622115053393041 0.7004822597313124 0.08129521184981055 0.023768515328970032
1 0.8473992421632793 0.6853255253186359 0.06751636238374095 0.006544953496383052
1 0.9795039614192215 0.7867723045125732 0.04030313468825353 0.07440578711677574
1 0.07199448846021357 0.8883913193248364 0.07785049948329315 0.037891836031691356
1 0.03771960041336549 0.9236996210816397 0.06854977609369618 0.029280055115397864
1 0.021184981054081984 0.9638305201515673 0.03961419221495005 0.04202549087151223
1 0.008956252152945229 0.9782983120909404 0.01584567688598002 0.030313468825353084
1 0.05838787461246986 0.978815018945918 0.07199448846021357 0.04168101963486049
1 0.12297623148467103 0.9724423010678608 0.09714088873579056 0.054426455390974855
1 0.10678608336203926 0.9479848432655873 0.061315880124009646 0.017912504305890458
1 0.12900447812607646 0.8959696865311746 0.08990699276610403 0.05167068549776094
1 0.16965208405098176 0.9028591112642095 0.08301756803306924 0.06269376507061661
1 0.21925594212883223 0.9652084050981743 0.09266276265931794 0.06889424733034792
1 0.25043058904581467 0.8961419221495005 0.07647261453668619 0.052015156734412676
1 0.24888046848088186 0.9266276265931794 0.07819497071994488 0.02480192903892525
1 0.28349982776438165 0.9488460213572166 0.03169135377196004 0.031346882535308304
1 0.31209094040647606 0.8761625904236996 0.022046159145711335 0.014123320702721322
1 0.3356872201171202 0.9736479503961419 0.11608680675163624 0.052015156734412676
1 0.3587667929727868 0.9054426455390975 0.09886324491904926 0.06786083362039269
1 0.41594901825697556 0.9950051670685498 0.059593523940750945 0.009300723389596968
1 0.42800551153978644 0.965552876334826 0.06717189114708921 0.050292800551153975
1 0.43644505683775403 0.9269720978298313 0.05856011023079573 0.02480192903892525
1 0.43920082673096794 0.9104374784705477 0.05856011023079573 0.006889424733034792
1 0.4419565966241819 0.9016534619359283 0.05856011023079573 0.0058560110230795725
1 0.445745780227351 0.8894247330347916 0.05856011023079573 0.013778849466069583
1 0.4503961419221495 0.8770237685153289 0.061660351360661385 0.007578367206338271
1 0.5285911126420944 0.9798484326558732 0.03961419221495005 0.03961419221495005
1 0.5763003789183603 0.9812263176024802 0.052359627971064415 0.03685842232173613
1 0.5322080606269376 0.9312779882879779 0.03720289355838787 0.054081984154323116
1 0.5346193592834998 0.892869445401309 0.03444712366517396 0.019290389252497417
1 0.5823286255597657 0.8973475714777817 0.06028246641405443 0.014467791939373063
1 0.5826730967964175 0.8799517740268687 0.05545986910093007 0.01619014812263176
1 0.683775404753703 0.9910437478470547 0.07027213227695488 0.01722356183258698
1 0.6780916293489494 0.9720978298312091 0.06786083362039269 0.020668274199104376
1 0.6252152945229074 0.981398553220806 0.029624526352049603 0.03513606613847744
1 0.6698243196693077 0.9517740268687565 0.03410265242852222 0.017912504305890458
1 0.626937650706166 0.9426455390974854 0.04409231829142267 0.0347915949018257
1 0.7419910437478471 0.9862211505339304 0.050292800551153975 0.02686875645883569
1 0.7397519807096108 0.9593523940750948 0.03685842232173613 0.026179813985532208
1 0.7333792628315535 0.9397175335859456 0.04271443334481571 0.019979331725800895
1 0.7285566655184292 0.9226662073716845 0.043403375818119184 0.01619014812263176
1 0.724939717533586 0.9116431277988288 0.045125732001377886 0.014123320702721322
1 0.7232173613503272 0.9009645194626249 0.03892524974164657 0.006544953496383052
1 0.827936617292456 0.9653806407165002 0.09059593523940751 0.06923871856699966
1 0.8167413021012745 0.9226662073716845 0.09162934894936273 0.015501205649328281
1 0.8096796417499139 0.9085428866689631 0.0809507406131588 0.022390630382363073
1 0.9102652428522219 0.9610747502583534 0.07061660351360662 0.07578367206338271
1 0.8970031002411298 0.9092318291422666 0.06751636238374095 0.021012745435756115
1 0.9798484326558732 0.978815018945918 0.03961419221495005 0.04030313468825353
1 0.978815018945918 0.9429900103341371 0.03961419221495005 0.026524285222183946
1 0.9741646572511196 0.9223217361350328 0.035825008611780916 0.022390630382363073
