1 0.7663923182441701 0.3306200841412109 0.029355281207133058 0.051765136272178526
1 0.6554183813443073 0.49533565026522774 0.03731138545953361 0.07243460764587525
1 0.9065843621399177 0.49359795134443024 0.03209876543209877 0.07298335467349552
1 0.8840877914951989 0.5857874519846351 0.03264746227709191 0.07627583683921713
1 0.8185185185185185 0.588348271446863 0.031001371742112482 0.06895920980428023
1 0.758161865569273 0.5897201390159137 0.03209876543209877 0.06841046277665996
1 0.6960219478737997 0.5880738979330529 0.03292181069958848 0.07389793305286263
1 0.8500685871056242 0.5858789098225718 0.037037037037037035 0.07536125845985
1 0.7893004115226337 0.5891713919882934 0.030727023319615913 0.06950795683190049
1 0.7364883401920439 0.5887141027986098 0.013991769547325103 0.07078836656301445
1 0.199039780521262 0.6994695445399671 0.03209876543209877 0.0907261752332175
1 0.5331961591220851 0.3353758917139199 0.023868312757201648 0.04079019571977319
1 0.5587105624142661 0.3355588073897933 0.023319615912208505 0.04115602707152003
1 0.571604938271605 0.3329979879275654 0.012345679012345678 0.04700932869946955
1 0.5934156378600823 0.32924821657216025 0.029080932784636488 0.05267971465154564
1 0.620713305898491 0.3299798792756539 0.027160493827160494 0.0515822205963051
1 0.6478737997256516 0.3304371684653375 0.027160493827160494 0.050667642216937994
1 0.6758573388203017 0.3306200841412109 0.028257887517146776 0.049570148161697455
1 0.7026063100137174 0.331534662520578 0.024691358024691357 0.0466434973477227
1 0.746639231824417 0.331534662520578 0.011248285322359396 0.04810682275471008
1 0.7913580246913581 0.33336381927931225 0.015637860082304528 0.04408267788549479
1 0.8126200274348423 0.3319919517102616 0.02962962962962963 0.04902140113407719
1 0.8614540466392319 0.33336381927931225 0.023593964334705075 0.04444850923724163
1 0.900960219478738 0.41357234314980795 0.030727023319615913 0.04646058167184928
1 0.8703703703703703 0.4126577647704408 0.028257887517146776 0.047923907078836654
1 0.8417009602194787 0.41274922260837754 0.02853223593964335 0.04883848545820377
1 0.8149519890260631 0.41375525882568137 0.02606310013717421 0.04646058167184928
1 0.7884773662551441 0.41357234314980795 0.027434842249657063 0.04682641302359612
1 0.760082304526749 0.4134808853118712 0.02661179698216735 0.04883848545820377
1 0.7404663923182442 0.41357234314980795 0.012071330589849109 0.04755807572708981
1 0.7024691358024692 0.41531004207060546 0.02551440329218107 0.04408267788549479
1 0.6646090534979424 0.3893360160965795 0.027160493827160494 0.03164441192610207
1 0.6672153635116598 0.42098042802268154 0.026886145404663924 0.032376074629595755
1 0.6083676268861454 0.40387781232851655 0.02880658436213992 0.06731296872141943
1 0.5802469135802469 0.4017742820559722 0.029080932784636488 0.07225169197000184
1 0.5510288065843622 0.4017742820559722 0.029355281207133058 0.07078836656301445
1 0.522633744855967 0.40232302908359246 0.029080932784636488 0.07078836656301445
1 0.4949245541838134 0.40195719773184563 0.025788751714677642 0.07042253521126761
1 0.4554183813443073 0.40232302908359246 0.03292181069958848 0.06969087250777392
1 0.42496570644718795 0.4014084507042254 0.027983539094650206 0.06969087250777392
1 0.3936899862825789 0.4016828242180355 0.03347050754458162 0.07243460764587525
1 0.3626886145404664 0.4017742820559722 0.03292181069958848 0.07371501737698921
1 0.3315500685871056 0.4033290653008963 0.03209876543209877 0.07353210170111578
1 0.29835390946502055 0.40278031827327604 0.03264746227709191 0.07353210170111578
1 0.25761316872427986 0.40278031827327604 0.014814814814814815 0.06731296872141943
1 0.2355281207133059 0.40195719773184563 0.027160493827160494 0.07408084872873605
1 0.20727023319615911 0.4031461496250229 0.030452674897119343 0.07316627034936894
1 0.17626886145404663 0.4009511615145418 0.02661179698216735 0.07243460764587525
1 0.14609053497942387 0.4025974025974026 0.0299039780521262 0.07316627034936894
1 0.11454046639231824 0.40232302908359246 0.02880658436213992 0.07517834278397659
1 0.08340192043895747 0.40214011340771905 0.026886145404663924 0.07371501737698921
1 0.05336076817558299 0.40223157124565573 0.028257887517146776 0.07462959575635632
1 0.10356652949245541 0.5045728918968355 0.022222222222222223 0.02871776111212731
1 0.17338820301783264 0.4922260837753796 0.027983539094650206 0.0720687762941284
1 0.19561042524005487 0.49277483080299983 0.022496570644718793 0.0720687762941284
1 0.21742112482853224 0.4915858789098226 0.029355281207133058 0.0744466800804829
1 0.25102880658436216 0.49213462593744284 0.029080932784636488 0.07225169197000184
1 0.2851851851851852 0.49167733674775926 0.011248285322359396 0.07353210170111578
1 0.3045267489711934 0.4920431680995061 0.024691358024691357 0.07243460764587525
1 0.3297668038408779 0.4967989756722151 0.029080932784636488 0.06402048655569782
1 0.3599451303155007 0.49643314432046826 0.030727023319615913 0.06328882385220413
1 0.38737997256515777 0.49716480702396193 0.02962962962962963 0.0621913297969636
1 0.4168724279835391 0.4983537589171392 0.031001371742112482 0.06566672763855863
1 0.44609053497942386 0.49323211999268335 0.025788751714677642 0.07188586061825498
1 0.47160493827160493 0.49387232485824034 0.02853223593964335 0.07170294494238157
1 0.5331961591220851 0.4939637826961771 0.02880658436213992 0.07298335467349552
1 0.5647462277091907 0.49451252972379733 0.03374485596707819 0.07371501737698921
1 0.5927297668038409 0.49734772269983535 0.02880658436213992 0.06767880007316628
1 0.6227709190672154 0.49734772269983535 0.031275720164609055 0.06694713736967257
1 0.68559670781893 0.49734772269983535 0.031275720164609055 0.07133711359063472
1 0.7108367626886145 0.49533565026522774 0.014266117969821674 0.07060545088714103
1 0.7481481481481481 0.4951527345893543 0.029080932784636488 0.06767880007316628
1 0.7739368998628258 0.4949698189134809 0.025788751714677642 0.06914212548015365
1 0.8024691358024691 0.4951527345893543 0.03292181069958848 0.06804463142491311
1 0.8337448559670781 0.4954271081031644 0.03292181069958848 0.06603255899030547
1 0.8694101508916324 0.4951527345893543 0.0411522633744856 0.07060545088714103
1 0.6669410150891633 0.5878909822571794 0.02633744855967078 0.07060545088714103
1 0.6397805212620027 0.5874336930674959 0.032373113854595334 0.07078836656301445
1 0.5876543209876544 0.5851472471190781 0.03731138545953361 0.07389793305286263
1 0.5185185185185185 0.5859703676605085 0.03621399176954732 0.0777391622462045
1 0.48010973936899864 0.5844155844155844 0.032373113854595334 0.07901957197731846
1 0.44814814814814813 0.5826778854947869 0.03374485596707819 0.07810499359795134
1 0.41536351165980795 0.5841412109017743 0.03017832647462277 0.07627583683921713
1 0.38175582990397805 0.5949332357783061 0.033196159122085046 0.051765136272178526
1 0.250480109739369 0.5809401865739894 0.024691358024691357 0.08194622279129321
1 0.2310013717421125 0.5812145600877995 0.02962962962962963 0.08249496981891348
1 0.1935528120713306 0.6072800438997622 0.049657064471879286 0.029266508139747575
1 0.14513031550068586 0.5775562465703311 0.047736625514403296 0.029449423815621
1 0.14595336076817558 0.605450887141028 0.04663923182441701 0.029632339491494422
1 0.08340192043895747 0.5790195719773185 0.05596707818930041 0.03347356868483629
1 0.08655692729766803 0.6064569233583318 0.05953360768175583 0.030912749222608376
1 0.90480109739369 0.7006584964331444 0.04334705075445816 0.09346991037131883
1 0.8691358024691358 0.7012072434607646 0.030727023319615913 0.0850557892811414
1 0.8348422496570644 0.6929760380464606 0.04609053497942387 0.1022498628132431
1 0.7544581618655692 0.6996524602158405 0.04005486968449931 0.0892628498262301
1 0.706721536351166 0.6989207975123468 0.027983539094650206 0.09036034388147064
1 0.6733882030178326 0.695994146698372 0.04252400548696845 0.0973111395646607
1 0.6320987654320988 0.6968172672398024 0.044444444444444446 0.09566489848179989
1 0.50960219478738 0.6968172672398024 0.04691358024691358 0.10115236875800256
1 0.42235939643347054 0.7053228461679166 0.040329218106995884 0.08194622279129321
1 0.30507544581618656 0.7026705688677519 0.03895747599451303 0.08981159685385037
1 0.25665294924554183 0.700749954271081 0.023868312757201648 0.08633619901225535
1 0.23319615912208505 0.7011157856228278 0.04224965706447188 0.08414121090177429
1 0.16913580246913582 0.7021218218401317 0.03813443072702332 0.08725077739162246
1 0.12482853223593965 0.7021218218401317 0.045541838134430725 0.08651911468812877
0 0.8683127572016461 0.35970367660508507 0.04334705075445816 0.01006036217303823
0 0.787517146776406 0.3598865922809585 0.04197530864197531 0.012621181635266142
0 0.7482853223593965 0.3598865922809585 0.027709190672153636 0.011523687580025609
0 0.641838134430727 0.3608926284982623 0.040329218106995884 0.011340771904152187
0 0.5613168724279836 0.360984086336199 0.0411522633744856 0.011889518931772453
0 0.512482853223594 0.3611670020120724 0.04060356652949246 0.01006036217303823
0 0.41728395061728396 0.3611670020120724 0.038408779149519894 0.010426193524785073
0 0.37078189300411524 0.3600695079568319 0.048559670781893 0.011889518931772453
0 0.3015089163237311 0.36043533930857874 0.048285322359396435 0.013718675690506676
0 0.2486968449931413 0.3608011706603256 0.02606310013717421 0.010792024876531919
0 0.21604938271604937 0.3611670020120724 0.03868312757201646 0.01006036217303823
0 0.1347050754458162 0.36043533930857874 0.038408779149519894 0.010792024876531919
0 0.0906721536351166 0.4419242729101884 0.04636488340192044 0.0139015913663801
0 0.15432098765432098 0.4424730199378087 0.0458161865569273 0.01316992866288641
0 0.24554183813443073 0.4431132248033656 0.03895747599451303 0.013352844338759832
0 0.2927297668038409 0.44256447777574537 0.022496570644718793 0.012621181635266142
0 0.32071330589849106 0.44256447777574537 0.031824417009602195 0.013352844338759832
0 0.40233196159122087 0.44256447777574537 0.029355281207133058 0.014450338394000365
0 0.5644718792866941 0.4437534296689226 0.04636488340192044 0.01243826595939272
0 0.6259259259259259 0.4428388512895555 0.031001371742112482 0.0139015913663801
0 0.6786008230452675 0.4424730199378087 0.03264746227709191 0.01170660325589903
0 0.7554183813443073 0.4426559356136821 0.036488340192043896 0.012072434607645875
0 0.8021947873799725 0.4427473934516188 0.05761316872427984 0.011157856228278763
1 0.4641975308641975 0.6987378818364733 0.044993141289437585 0.1038961038961039
0 0.8672153635116598 0.44210718858606185 0.0411522633744856 0.012072434607645875
0 0.0897119341563786 0.5349368940918237 0.038408779149519894 0.013352844338759832
0 0.1270233196159122 0.5349368940918237 0.04060356652949246 0.014084507042253521
0 0.24375857338820303 0.5343881470642035 0.03209876543209877 0.013352844338759832
0 0.3307270233196159 0.5343881470642035 0.0458161865569273 0.014450338394000365
0 0.4244170096021948 0.53420523138833 0.03292181069958848 0.014816169745747211
0 0.4780521262002744 0.5349368940918237 0.048559670781893 0.015913663800987746
0 0.629355281207133 0.5349368940918237 0.0438957475994513 0.015182001097494055
0 0.6711934156378601 0.5353027254435705 0.04197530864197531 0.014816169745747211
0 0.797119341563786 0.5346625205780136 0.040877914951989024 0.012804097311139564
0 0.8725651577503429 0.5355770989573806 0.037037037037037035 0.012804097311139564
0 0.9100137174211248 0.5347539784159503 0.04060356652949246 0.014084507042253521
0 0.8888888888888888 0.6280409731113956 0.0532235939643347 0.013352844338759832
0 0.8304526748971194 0.6286811779769527 0.02853223593964335 0.014633254069873787
0 0.7513031550068587 0.6282238887872691 0.0392318244170096 0.015182001097494055
0 0.6835390946502058 0.6291384671666361 0.04142661179698217 0.014450338394000365
0 0.6423868312757202 0.6284982623010792 0.04252400548696845 0.014999085421620633
0 0.4484224965706447 0.6277665995975855 0.043072702331961595 0.016828242180354856
0 0.16570644718792868 0.7645875251509054 0.0411522633744856 0.0139015913663801
0 0.29368998628257886 0.7643131516370953 0.02112482853223594 0.017011157856228278
0 0.3263374485596708 0.7635814889336016 0.04691358024691358 0.017011157856228278
0 0.37695473251028805 0.7627583683921713 0.04279835390946502 0.016462410828608012
1 0.05939643347050754 0.33162612035851474 0.02551440329218107 0.03950978598865923
1 0.08984910836762688 0.33162612035851474 0.02496570644718793 0.04060728004389976
1 0.11755829903978052 0.33162612035851474 0.02551440329218107 0.04133894274739345
1 0.14417009602194789 0.3324492408999451 0.022770919067215362 0.04225352112676056
1 0.17023319615912208 0.33354673495518566 0.02551440329218107 0.04188768977501372
1 0.19657064471879288 0.3355588073897933 0.022770919067215362 0.04005853301627949
1 0.2123456790123457 0.3166270349368941 0.0 0.0
1 0.22016460905349794 0.33592463874154016 0.018930041152263374 0.038595207609292116
1 0.24403292181069958 0.3346442290104262 0.02606310013717421 0.03969270166453265
1 0.2972565157750343 0.33116883116883117 0.029355281207133058 0.04737516005121639
1 0.3249657064471879 0.3323577830620084 0.019478737997256516 0.04536308761660875
1 0.3486968449931413 0.3346442290104262 0.023593964334705075 0.04079019571977319
1 0.3765432098765432 0.33674775928297057 0.024417009602194787 0.037680629229925
1 0.400960219478738 0.336930674958844 0.02167352537722908 0.039143954636912386
1 0.48518518518518516 0.33592463874154016 0.02496570644718793 0.03822937625754527
1 0.4251028806584362 0.33528443387598317 0.02606310013717421 0.04170477409914029
1 0.45706447187928667 0.3347356868483629 0.027434842249657063 0.04060728004389976
1 0.5065843621399176 0.4935064935064935 0.027709190672153636 0.07316627034936894
0 0.35541838134430725 0.4434790561551125 0.0392318244170096 0.014084507042253521
0 0.3412894375857339 0.6282238887872691 0.05761316872427984 0.015182001097494055
0 0.18010973936899863 0.6292299250045729 0.040329218106995884 0.012804097311139564
0 0.2204389574759945 0.6279495152734589 0.03429355281207133 0.014267422718126943
0 0.4327846364883402 0.762483994878361 0.027160493827160494 0.01774282055972197
0 0.48751714677640606 0.7629412840680446 0.04938271604938271 0.0171940735321017
0 0.6017832647462277 0.7628498262301079 0.03374485596707819 0.01774282055972197
0 0.7237311385459534 0.7632156575818547 0.048285322359396435 0.0188403146149625
0 0.7713305898491084 0.7626669105542345 0.024417009602194787 0.01627949515273459
0 0.8308641975308642 0.7619352478507408 0.03539094650205761 0.01627949515273459
0 0.8964334705075446 0.7626669105542345 0.043621399176954734 0.014450338394000365
0 0.9355281207133059 0.7631241997439181 0.035116598079561044 0.014633254069873787
1 0.9159122085048012 0.5857874519846351 0.03209876543209877 0.07298335467349552
1 0.349519890260631 0.5966709346991037 0.03676268861454047 0.0515822205963051
1 0.3172839506172839 0.5818547649533565 0.028257887517146776 0.08340954819828059
1 0.291358024691358 0.581397475763673 0.024691358024691357 0.08359246387415402
1 0.5909465020576131 0.697914761295043 0.044444444444444446 0.09639656118529358
1 0.5491083676268862 0.6977318456191696 0.04142661179698217 0.09859154929577464
1 0.38559670781893 0.7050484726541064 0.0458161865569273 0.08578745198463508
1 0.07887517146776406 0.7005670385952076 0.04636488340192044 0.0940186573989391
0 0.4714677640603567 0.4428388512895555 0.03484224965706447 0.012804097311139564
0 0.7045267489711934 0.4424730199378087 0.022496570644718793 0.012804097311139564
0 0.7902606310013718 0.6290470093286995 0.040877914951989024 0.014267422718126943
0 0.297119341563786 0.6284068044631425 0.032373113854595334 0.014084507042253521
0 0.25171467764060357 0.6285897201390159 0.024417009602194787 0.014450338394000365
1 0.342798353909465 0.7028534845436254 0.03758573388203018 0.08907993415035668
1 0.551440329218107 0.5854216206328883 0.0345679012345679 0.07627583683921713
1 0.7936899862825789 0.6965428937259923 0.04279835390946502 0.09365282604719224
0 0.6902606310013717 0.360984086336199 0.04224965706447188 0.010792024876531919
1 0.9844993141289438 0.48728736052679716 0.018381344307270234 0.03511980976769709
1 0.14252400548696845 0.5015547832449241 0.023868312757201648 0.02414486921529175
1 0.6393689986282579 0.40378635449057987 0.033196159122085046 0.067130053045546
1 0.8375857338820302 0.3323577830620084 0.024691358024691357 0.04865556978233035
