1 0.4083939708939709 0.25717255717255716 0.005457380457380458 0.024116424116424118
1 0.4145010395010395 0.256964656964657 0.0031185031185031187 0.023284823284823286
1 0.4909043659043659 0.2575883575883576 0.004158004158004158 0.023284823284823286
1 0.5062370062370062 0.262993762993763 0.016112266112266113 0.032432432432432434
1 0.5231288981288982 0.2633056133056133 0.014553014553014554 0.032224532224532226
1 0.5397609147609148 0.2634095634095634 0.016112266112266113 0.0316008316008316
1 0.5631496881496881 0.26424116424116423 0.016112266112266113 0.030353430353430355
1 0.5806912681912682 0.26403326403326405 0.017931392931392932 0.02993762993762994
1 0.5957640332640333 0.2643451143451143 0.011174636174636175 0.02972972972972973
1 0.6211018711018711 0.26455301455301455 0.004158004158004158 0.030145530145530147
1 0.6324064449064449 0.26476091476091473 0.017411642411642413 0.030145530145530147
1 0.6503378378378378 0.2648648648648649 0.016372141372141373 0.030353430353430355
1 0.6680093555093555 0.2648648648648649 0.016891891891891893 0.02993762993762994
1 0.6884095634095634 0.26496881496881497 0.017151767151767153 0.030561330561330563
1 0.7142671517671517 0.2637214137214137 0.017931392931392932 0.03180873180873181
1 0.7328482328482329 0.2637214137214137 0.018191268191268192 0.032224532224532226
1 0.7650727650727651 0.24823284823284825 0.033264033264033266 0.06278586278586279
1 0.7980769230769231 0.24875259875259875 0.031185031185031187 0.06340956340956341
1 0.8414760914760915 0.26476091476091473 0.008835758835758836 0.032224532224532226
1 0.9323024948024948 0.26476091476091473 0.016372141372141373 0.03180873180873181
1 0.951533264033264 0.26465696465696464 0.01949064449064449 0.0316008316008316
1 0.9795997920997921 0.23471933471933473 0.033523908523908526 0.029521829521829523
1 0.9818087318087318 0.2652806652806653 0.033783783783783786 0.03076923076923077
1 0.4093035343035343 0.3134095634095634 0.006756756756756757 0.01101871101871102
1 0.4221673596673597 0.31444906444906445 0.016372141372141373 0.012681912681912683
1 0.409043659043659 0.33076923076923076 0.005717255717255718 0.023284823284823286
1 0.4204781704781705 0.33076923076923076 0.015592515592515593 0.023700623700623702
1 0.43672037422037424 0.330977130977131 0.015852390852390853 0.02286902286902287
1 0.45309251559251557 0.3310810810810811 0.016372141372141373 0.023492723492723494
1 0.44373700623700624 0.31392931392931395 0.01949064449064449 0.011226611226611227
1 0.46127858627858626 0.31465696465696463 0.015592515592515593 0.011850311850311851
1 0.4688149688149688 0.3310810810810811 0.015592515592515593 0.023492723492723494
1 0.48492723492723494 0.330977130977131 0.016632016632016633 0.024116424116424118
1 0.5114345114345115 0.33669438669438667 0.016632016632016633 0.03264033264033264
1 0.528456340956341 0.3367983367983368 0.017411642411642413 0.032432432432432434
1 0.5485966735966736 0.3369022869022869 0.017151767151767153 0.03305613305613306
1 0.5697765072765073 0.3371101871101871 0.018451143451143452 0.03264033264033264
1 0.5892671517671517 0.3374220374220374 0.018451143451143452 0.03284823284823285
1 0.5687370062370062 0.3083160083160083 0.017931392931392932 0.03492723492723493
1 0.5857588357588358 0.30706860706860706 0.016632016632016633 0.028690228690228692
1 0.5978430353430353 0.30852390852390854 0.007536382536382537 0.03076923076923077
1 0.6242203742203742 0.30914760914760914 0.010395010395010396 0.03201663201663202
1 0.6394230769230769 0.3092515592515592 0.018451143451143452 0.032224532224532226
1 0.6574844074844075 0.30956340956340955 0.017671517671517672 0.033264033264033266
1 0.6751559251559252 0.3082120582120582 0.018191268191268192 0.033471933471933474
1 0.6932172557172557 0.3082120582120582 0.017931392931392932 0.03305613305613306
1 0.7111486486486487 0.30675675675675673 0.018451143451143452 0.03513513513513514
1 0.7290800415800416 0.30613305613305614 0.017931392931392932 0.03388773388773389
1 0.600051975051975 0.3392931392931393 0.0036382536382536385 0.029106029106029108
1 0.6251299376299376 0.3393970893970894 0.011694386694386695 0.028482328482328484
1 0.6402027027027027 0.33825363825363824 0.018970893970893972 0.031185031185031187
1 0.6583939708939709 0.33856548856548857 0.017931392931392932 0.030561330561330563
1 0.6761954261954262 0.3384615384615385 0.018191268191268192 0.0316008316008316
1 0.6941268191268192 0.3379417879417879 0.018191268191268192 0.03305613305613306
1 0.7120582120582121 0.33783783783783783 0.018191268191268192 0.033264033264033266
1 0.729989604989605 0.33773388773388774 0.018191268191268192 0.033471933471933474
1 0.7597453222453222 0.32484407484407485 0.034563409563409565 0.05841995841995842
1 0.79495841995842 0.32255717255717253 0.034823284823284825 0.06382536382536383
0 0.7715696465696466 0.29324324324324325 0.036902286902286904 0.019334719334719336
1 0.9456860706860707 0.338981288981289 0.007796257796257797 0.03097713097713098
1 0.9607588357588358 0.34106029106029107 0.02286902286902287 0.026403326403326405
1 0.9562110187110187 0.3132016632016632 0.028846153846153848 0.029313929313929316
1 0.9872661122661123 0.31392931392931395 0.02494802494802495 0.020374220374220375
1 0.985966735966736 0.33918918918918917 0.02754677754677755 0.030561330561330563
1 0.9516632016632016 0.377962577962578 0.016112266112266113 0.032432432432432434
1 0.968035343035343 0.377962577962578 0.017151767151767153 0.03284823284823285
1 0.9844074844074844 0.37785862785862784 0.016112266112266113 0.03305613305613306
1 0.9959719334719335 0.3798336798336798 0.007536382536382537 0.014137214137214138
1 0.9961018711018711 0.39345114345114346 0.007276507276507277 0.013097713097713098
1 0.9961018711018711 0.40675675675675677 0.007276507276507277 0.013513513513513514
1 0.9959719334719335 0.4204781704781705 0.007536382536382537 0.01392931392931393
1 0.8453742203742204 0.4128898128898129 0.014553014553014554 0.028274428274428276
1 0.8618762993762994 0.4230769230769231 0.018970893970893972 0.007484407484407485
1 0.8809771309771309 0.422972972972973 0.016112266112266113 0.007692307692307693
1 0.9013773388773388 0.42276507276507275 0.02053014553014553 0.008108108108108109
1 0.9195686070686071 0.42276507276507275 0.015852390852390853 0.008108108108108109
1 0.9347713097713097 0.42266112266112266 0.014553014553014554 0.008316008316008316
1 0.9524428274428275 0.4106029106029106 0.017671517671517672 0.03284823284823285
1 0.969464656964657 0.4109147609147609 0.016891891891891893 0.033471933471933474
1 0.9855769230769231 0.41081081081081083 0.016372141372141373 0.03367983367983368
1 0.4089137214137214 0.4086278586278586 0.007016632016632017 0.034303534303534305
1 0.42073804573804574 0.40831600831600834 0.017151767151767153 0.03451143451143451
1 0.43672037422037424 0.40925155925155926 0.015332640332640333 0.032224532224532226
1 0.454002079002079 0.40883575883575884 0.017671517671517672 0.033471933471933474
1 0.47115384615384615 0.40893970893970893 0.017151767151767153 0.033264033264033266
1 0.47128378378378377 0.4041580041580042 0.016891891891891893 0.024116424116424118
1 0.48804573804573803 0.404989604989605 0.017151767151767153 0.02203742203742204
1 0.5120841995841996 0.4046777546777547 0.017411642411642413 0.022661122661122662
1 0.5289760914760915 0.404989604989605 0.016891891891891893 0.02203742203742204
1 0.5511954261954262 0.4045738045738046 0.017671517671517672 0.023700623700623702
1 0.5721153846153846 0.4104989604989605 0.018451143451143452 0.03305613305613306
1 0.587448024948025 0.41133056133056134 0.012733887733887735 0.030561330561330563
1 0.5966735966735967 0.41174636174636176 0.006237006237006237 0.029313929313929316
1 0.5640592515592515 0.3804573804573805 0.017931392931392932 0.02702702702702703
1 0.581470893970894 0.3816008316008316 0.017411642411642413 0.0288981288981289
1 0.5960239085239085 0.38513513513513514 0.012214137214137215 0.02474012474012474
1 0.6348752598752598 0.3888773388773389 0.018191268191268192 0.02182952182952183
1 0.6538461538461539 0.38856548856548856 0.017671517671517672 0.021205821205821207
1 0.6712577962577962 0.38264033264033265 0.017671517671517672 0.032224532224532226
1 0.6898388773388774 0.38066528066528066 0.02001039501039501 0.03575883575883576
1 0.7107588357588358 0.379002079002079 0.018711018711018712 0.03451143451143451
1 0.728950103950104 0.3793139293139293 0.018191268191268192 0.03388773388773389
1 0.747531185031185 0.388981288981289 0.01949064449064449 0.016632016632016633
1 0.765462577962578 0.38908523908523907 0.016891891891891893 0.01600831600831601
1 0.7835239085239085 0.388981288981289 0.019230769230769232 0.0158004158004158
1 0.8023648648648649 0.4107068607068607 0.018451143451143452 0.032224532224532226
1 0.8136694386694386 0.41278586278586277 0.004677754677754678 0.027650727650727652
1 0.7839137214137214 0.4109147609147609 0.018451143451143452 0.03180873180873181
1 0.7658523908523909 0.4107068607068607 0.017671517671517672 0.032224532224532226
1 0.7476611226611226 0.4106029106029106 0.018191268191268192 0.032432432432432434
1 0.7298596673596673 0.4106029106029106 0.017411642411642413 0.03284823284823285
1 0.7119282744282744 0.4104989604989605 0.018451143451143452 0.03264033264033264
1 0.691008316008316 0.4104989604989605 0.02234927234927235 0.03305613305613306
1 0.6704781704781705 0.4107068607068607 0.018191268191268192 0.032224532224532226
1 0.6530665280665281 0.41143451143451143 0.016632016632016633 0.03076923076923077
1 0.6352650727650727 0.41143451143451143 0.018451143451143452 0.03076923076923077
1 0.8440748440748441 0.4520790020790021 0.011954261954261955 0.02972972972972973
1 0.8542099792099792 0.4501039501039501 0.008835758835758836 0.019126819126819128
1 0.8636954261954262 0.4644490644490645 0.029885654885654887 0.00997920997920998
1 0.8662941787941788 0.4559251559251559 0.015852390852390853 0.007484407484407485
1 0.882016632016632 0.45925155925155925 0.016632016632016633 0.014553014553014554
1 0.8460239085239085 0.48274428274428277 0.015852390852390853 0.03201663201663202
1 0.8621361746361746 0.48253638253638254 0.015852390852390853 0.03201663201663202
1 0.875 0.48284823284823286 0.010395010395010396 0.03097713097713098
1 0.8873440748440748 0.48253638253638254 0.014812889812889814 0.0316008316008316
1 0.9057952182952183 0.48284823284823286 0.016891891891891893 0.03180873180873181
1 0.9225571725571725 0.48274428274428277 0.017151767151767153 0.03201663201663202
1 0.9384095634095634 0.48295218295218295 0.015072765072765074 0.031185031185031187
1 0.954002079002079 0.48305613305613304 0.016112266112266113 0.031392931392931395
1 0.9720634095634095 0.4926195426195426 0.02053014553014553 0.01392931392931393
1 0.9910343035343036 0.4926195426195426 0.017931392931392932 0.01392931392931393
1 0.9719334719334719 0.47900207900207903 0.02027027027027027 0.013305613305613306
1 0.9909043659043659 0.47900207900207903 0.017671517671517672 0.013305613305613306
1 0.9689449064449065 0.4656964656964657 0.02624740124740125 0.013305613305613306
1 0.9910343035343036 0.4656964656964657 0.017931392931392932 0.013305613305613306
1 0.9698544698544699 0.4523908523908524 0.02442827442827443 0.013305613305613306
1 0.9909043659043659 0.45228690228690227 0.017671517671517672 0.013513513513513514
1 0.4106029106029106 0.4598752598752599 0.009355509355509356 0.012474012474012475
1 0.4093035343035343 0.47785862785862787 0.007276507276507277 0.02390852390852391
1 0.42177754677754675 0.47765072765072764 0.017671517671517672 0.024324324324324326
1 0.43113305613305614 0.46216216216216216 0.016632016632016633 0.014137214137214138
1 0.4393191268191268 0.47765072765072764 0.017931392931392932 0.024324324324324326
1 0.4555613305613306 0.47785862785862787 0.015072765072765074 0.023492723492723494
1 0.47167359667359665 0.47785862785862787 0.015592515592515593 0.023076923076923078
1 0.4873960498960499 0.4777546777546778 0.015852390852390853 0.023284823284823286
1 0.5046777546777547 0.47848232848232847 0.015592515592515593 0.022661122661122662
1 0.5206600831600832 0.48347193347193346 0.016891891891891893 0.03305613305613306
1 0.5374220374220374 0.48336798336798337 0.017151767151767153 0.03284823284823285
1 0.5541839916839917 0.4831600831600832 0.016372141372141373 0.03284823284823285
1 0.5700363825363826 0.45426195426195426 0.018451143451143452 0.03076923076923077
1 0.5879677754677755 0.45415800415800417 0.017411642411642413 0.03097713097713098
1 0.5996621621621622 0.45415800415800417 0.006496881496881497 0.03097713097713098
1 0.5710758835758836 0.4832640332640333 0.017931392931392932 0.03264033264033264
1 0.5887474012474012 0.4836798336798337 0.017931392931392932 0.03388773388773389
1 0.6003118503118503 0.48523908523908527 0.005717255717255718 0.031185031185031187
1 0.40995322245322247 0.5518711018711019 0.008056133056133057 0.02474012474012474
1 0.4221673596673597 0.5518711018711019 0.016891891891891893 0.024324324324324326
1 0.4386694386694387 0.5516632016632017 0.016632016632016633 0.024324324324324326
1 0.4553014553014553 0.5516632016632017 0.016632016632016633 0.02390852390852391
1 0.471543659043659 0.5513513513513514 0.016372141372141373 0.024116424116424118
1 0.48804573804573803 0.5513513513513514 0.017151767151767153 0.024116424116424118
1 0.5042879417879418 0.5583160083160084 0.015852390852390853 0.03180873180873181
1 0.5133835758835759 0.5376299376299376 0.017411642411642413 0.013305613305613306
1 0.5313149688149689 0.5373180873180873 0.018970893970893972 0.018503118503118504
1 0.5496361746361746 0.5375259875259876 0.017671517671517672 0.014345114345114346
1 0.5654885654885655 0.5371101871101871 0.014553014553014554 0.013513513513513514
1 0.5797817047817048 0.5369022869022869 0.02442827442827443 0.01891891891891892
1 0.5969334719334719 0.5374220374220374 0.012474012474012475 0.014137214137214138
1 0.5213097713097713 0.5584199584199584 0.018711018711018712 0.0316008316008316
1 0.5395010395010394 0.5583160083160084 0.018191268191268192 0.031392931392931395
1 0.5580821205821206 0.5576923076923077 0.01949064449064449 0.032224532224532226
1 0.5762733887733887 0.5577962577962577 0.017411642411642413 0.03284823284823285
1 0.5938149688149689 0.5579002079002079 0.017671517671517672 0.03264033264033264
1 0.619412681912682 0.5376299376299376 0.017411642411642413 0.014553014553014554
1 0.6287681912681913 0.5559251559251559 0.017411642411642413 0.028690228690228692
1 0.646049896049896 0.5582120582120582 0.017671517671517672 0.03284823284823285
1 0.6626819126819127 0.5589397089397089 0.015592515592515593 0.03097713097713098
1 0.6800935550935551 0.5581081081081081 0.01975051975051975 0.03264033264033264
1 0.6989345114345115 0.5579002079002079 0.017931392931392932 0.03305613305613306
1 0.7164760914760915 0.5574844074844075 0.017671517671517672 0.033471933471933474
1 0.7337577962577962 0.5572765072765072 0.017411642411642413 0.033471933471933474
1 0.751039501039501 0.5575883575883576 0.017671517671517672 0.032432432432432434
1 0.768970893970894 0.5574844074844075 0.018191268191268192 0.03264033264033264
1 0.7870322245322245 0.5575883575883576 0.017931392931392932 0.032432432432432434
1 0.8053534303534303 0.5576923076923077 0.018711018711018712 0.03264033264033264
1 0.7160862785862786 0.5257796257796258 0.018451143451143452 0.033264033264033266
1 0.7350571725571725 0.5252598752598753 0.017931392931392932 0.033471933471933474
1 0.9133316008316008 0.46413721413721415 0.038201663201663204 0.007276507276507277
1 0.6255197505197505 0.45634095634095634 0.011434511434511435 0.02702702702702703
1 0.6405925155925156 0.4531185031185031 0.018191268191268192 0.03388773388773389
1 0.658004158004158 0.4544698544698545 0.016632016632016633 0.03367983367983368
1 0.6748960498960499 0.4544698544698545 0.017671517671517672 0.033264033264033266
1 0.6925675675675675 0.45374220374220375 0.018191268191268192 0.03471933471933472
1 0.712448024948025 0.4527027027027027 0.018451143451143452 0.033471933471933474
1 0.7302494802494802 0.4594594594594595 0.017671517671517672 0.01995841995841996
1 0.6265592515592515 0.483991683991684 0.012474012474012475 0.033264033264033266
1 0.641502079002079 0.483991683991684 0.017411642411642413 0.033264033264033266
1 0.6589137214137214 0.4838877338877339 0.017931392931392932 0.03305613305613306
1 0.6763253638253638 0.4845114345114345 0.016891891891891893 0.03180873180873181
1 0.6936070686070686 0.4838877338877339 0.018191268191268192 0.03305613305613306
1 0.7127079002079002 0.4840956340956341 0.02053014553014553 0.03264033264033264
1 0.7318087318087318 0.483991683991684 0.017671517671517672 0.03284823284823285
1 0.7501299376299376 0.4845114345114345 0.01949064449064449 0.03264033264033264
1 0.7683212058212058 0.4846153846153846 0.017411642411642413 0.03201663201663202
1 0.7863825363825364 0.4841995841995842 0.018711018711018712 0.03284823284823285
1 0.8048336798336798 0.4843035343035343 0.018711018711018712 0.03264033264033264
1 0.706081081081081 0.5267151767151768 0.007276507276507277 0.033471933471933474
1 0.8423856548856549 0.5579002079002079 0.007536382536382537 0.03305613305613306
1 0.8538201663201663 0.558004158004158 0.015852390852390853 0.03284823284823285
1 0.8877338877338877 0.5576923076923077 0.018191268191268192 0.03264033264033264
1 0.9051455301455301 0.5574844074844075 0.017151767151767153 0.032224532224532226
1 0.9219074844074844 0.5573804573804574 0.016891891891891893 0.032432432432432434
1 0.9384095634095634 0.5572765072765072 0.016632016632016633 0.032224532224532226
1 0.8883835758835759 0.5301455301455301 0.018970893970893972 0.022453222453222454
1 0.9060550935550935 0.524948024948025 0.016891891891891893 0.032432432432432434
1 0.9222972972972973 0.5248440748440748 0.016112266112266113 0.03264033264033264
1 0.9387993762993763 0.5247401247401248 0.017411642411642413 0.03284823284823285
1 0.916450103950104 0.5808731808731808 0.02416839916839917 0.014553014553014554
1 0.939968814968815 0.5795218295218295 0.02234927234927235 0.014760914760914762
1 0.9625779625779626 0.58004158004158 0.02234927234927235 0.015384615384615385
1 0.9818087318087318 0.5802494802494802 0.02338877338877339 0.015384615384615385
1 0.9966216216216216 0.5798336798336798 0.006237006237006237 0.014553014553014554
1 0.9967515592515592 0.5940748440748441 0.0059771309771309775 0.014345114345114346
1 0.841995841995842 0.5955301455301455 0.006237006237006237 0.01392931392931393
1 0.8421257796257796 0.6091476091476091 0.0059771309771309775 0.013721413721413722
1 0.8421257796257796 0.6226611226611226 0.0059771309771309775 0.013305613305613306
1 0.8429054054054054 0.6341995841995842 0.007536382536382537 0.009771309771309772
1 0.8571985446985447 0.6338877338877339 0.02104989604989605 0.009563409563409564
1 0.8556392931392931 0.6221413721413721 0.02104989604989605 0.01392931392931393
1 0.8552494802494802 0.6083160083160083 0.02079002079002079 0.013721413721413722
1 0.8551195426195426 0.5946985446985447 0.02001039501039501 0.013513513513513514
1 0.8755197505197505 0.5945945945945946 0.02130977130977131 0.013721413721413722
1 0.876039501039501 0.6083160083160083 0.02130977130977131 0.013721413721413722
1 0.8768191268191268 0.6222453222453223 0.02130977130977131 0.014137214137214138
1 0.8781185031185031 0.633991683991684 0.02130977130977131 0.009355509355509356
1 0.8989085239085239 0.633991683991684 0.02027027027027027 0.009771309771309772
1 0.8992983367983368 0.6217255717255717 0.02001039501039501 0.01392931392931393
1 0.8989085239085239 0.608004158004158 0.01975051975051975 0.013513513513513514
1 0.8976091476091476 0.5943866943866943 0.02079002079002079 0.013721413721413722
1 0.9191787941787942 0.6334719334719334 0.02027027027027027 0.00997920997920998
1 0.939968814968815 0.6334719334719334 0.02130977130977131 0.010395010395010396
1 0.9612785862785863 0.6334719334719334 0.02130977130977131 0.010395010395010396
1 0.984537422037422 0.6333679833679834 0.02104989604989605 0.009771309771309772
1 0.9972713097713097 0.6334719334719334 0.004937629937629938 0.00997920997920998
1 0.9216476091476091 0.6214137214137214 0.02260914760914761 0.014137214137214138
1 0.9437370062370062 0.6213097713097713 0.02208939708939709 0.01392931392931393
1 0.9650467775467776 0.6215176715176716 0.02104989604989605 0.014345114345114346
1 0.9855769230769231 0.6215176715176716 0.02053014553014553 0.01392931392931393
1 0.9977910602910602 0.6214137214137214 0.0038981288981288983 0.013721413721413722
1 0.9215176715176715 0.6075883575883576 0.02286902286902287 0.013513513513513514
1 0.9436070686070686 0.6074844074844075 0.02182952182952183 0.013721413721413722
1 0.9647869022869023 0.6074844074844075 0.02104989604989605 0.013721413721413722
1 0.9853170478170478 0.6075883575883576 0.02053014553014553 0.01392931392931393
1 0.9977910602910602 0.6074844074844075 0.004417879417879418 0.013721413721413722
1 0.9222972972972973 0.5940748440748441 0.02182952182952183 0.013513513513513514
1 0.9436070686070686 0.5938669438669438 0.02079002079002079 0.013513513513513514
1 0.9637474012474012 0.5937629937629938 0.01949064449064449 0.013721413721413722
1 0.9836278586278586 0.5942827442827443 0.02027027027027027 0.012681912681912683
1 0.9547817047817048 0.567047817047817 0.010914760914760915 0.010187110187110188
1 0.970504158004158 0.5656964656964657 0.027806652806652808 0.013721413721413722
1 0.9920738045738046 0.5656964656964657 0.015332640332640333 0.013721413721413722
1 0.9546517671517671 0.5555093555093555 0.016372141372141373 0.01288981288981289
1 0.8688929313929314 0.5589397089397089 0.011694386694386695 0.029313929313929316
1 0.9542619542619543 0.5424116424116424 0.014033264033264034 0.013305613305613306
1 0.971543659043659 0.5520790020790021 0.02728690228690229 0.013513513513513514
1 0.9546517671517671 0.5286902286902286 0.014812889812889814 0.013721413721413722
1 0.9719334719334719 0.5383575883575884 0.02754677754677755 0.01392931392931393
1 0.9924636174636174 0.5518711018711019 0.014553014553014554 0.013513513513513514
1 0.9925935550935551 0.5382536382536383 0.014293139293139294 0.013721413721413722
1 0.97258316008316 0.5245322245322245 0.02572765072765073 0.013721413721413722
1 0.9924636174636174 0.5244282744282744 0.014553014553014554 0.01392931392931393
1 0.41307172557172556 0.6357588357588357 0.012733887733887735 0.010395010395010396
1 0.4126819126819127 0.6234927234927234 0.010914760914760915 0.014137214137214138
1 0.41255197505197505 0.6094594594594595 0.011174636174636175 0.01392931392931393
1 0.4124220374220374 0.5958419958419958 0.011434511434511435 0.013305613305613306
1 0.4293139293139293 0.6357588357588357 0.02027027027027027 0.010395010395010396
1 0.4291839916839917 0.6234927234927234 0.02001039501039501 0.014137214137214138
1 0.4293139293139293 0.6095634095634096 0.02027027027027027 0.013721413721413722
1 0.42944386694386694 0.5958419958419958 0.02053014553014553 0.013721413721413722
1 0.45075363825363823 0.6355509355509356 0.02001039501039501 0.009563409563409564
1 0.450493762993763 0.6233887733887734 0.02156964656964657 0.013513513513513514
1 0.4510135135135135 0.6094594594594595 0.02156964656964657 0.013097713097713098
1 0.45088357588357586 0.5956340956340956 0.01975051975051975 0.01288981288981289
1 0.47128378378378377 0.6353430353430354 0.018451143451143452 0.009563409563409564
1 0.49272349272349275 0.6353430353430354 0.018711018711018712 0.009563409563409564
1 0.5144230769230769 0.6353430353430354 0.01949064449064449 0.009563409563409564
1 0.5362525987525988 0.6353430353430354 0.018970893970893972 0.009563409563409564
1 0.5578222453222453 0.6352390852390852 0.01949064449064449 0.009355509355509356
1 0.5786122661122661 0.6351351351351351 0.018970893970893972 0.009147609147609148
1 0.5966735966735967 0.6351351351351351 0.012993762993762994 0.009147609147609148
1 0.47284303534303534 0.6231808731808732 0.02053014553014553 0.013513513513513514
1 0.47232328482328484 0.6088357588357588 0.02001039501039501 0.013097713097713098
1 0.47232328482328484 0.5951143451143451 0.02053014553014553 0.012266112266112267
1 0.494022869022869 0.6231808731808732 0.02079002079002079 0.013097713097713098
1 0.5155925155925156 0.6232848232848233 0.02130977130977131 0.013305613305613306
1 0.4938929313929314 0.6091476091476091 0.02053014553014553 0.013305613305613306
1 0.49363305613305614 0.5957380457380458 0.01949064449064449 0.012681912681912683
1 0.5157224532224532 0.6093555093555093 0.02053014553014553 0.012474012474012475
1 0.5150727650727651 0.5956340956340956 0.02027027027027027 0.01288981288981289
1 0.5366424116424117 0.6235966735966736 0.018191268191268192 0.013097713097713098
1 0.5363825363825364 0.6098752598752599 0.018191268191268192 0.012266112266112267
1 0.5358627858627859 0.5963617463617463 0.018191268191268192 0.012681912681912683
1 0.5575623700623701 0.6234927234927234 0.02053014553014553 0.013721413721413722
1 0.5571725571725572 0.6098752598752599 0.02130977130977131 0.013513513513513514
1 0.5563929313929314 0.596049896049896 0.02079002079002079 0.013305613305613306
1 0.5786122661122661 0.6235966735966736 0.02053014553014553 0.013513513513513514
1 0.5784823284823285 0.6100831600831601 0.02079002079002079 0.013513513513513514
1 0.5771829521829522 0.5963617463617463 0.02079002079002079 0.01392931392931393
1 0.596543659043659 0.6233887733887734 0.013773388773388774 0.01392931392931393
1 0.5961538461538461 0.6097713097713098 0.014553014553014554 0.013305613305613306
1 0.5956340956340956 0.5957380457380458 0.016112266112266113 0.014345114345114346
1 0.6259095634095634 0.6349272349272349 0.010135135135135136 0.010395010395010396
1 0.6257796257796258 0.6230769230769231 0.010395010395010396 0.013721413721413722
1 0.6257796257796258 0.6095634095634096 0.010914760914760915 0.013305613305613306
1 0.6252598752598753 0.5957380457380458 0.009875259875259876 0.014345114345114346
1 0.6420218295218295 0.6349272349272349 0.02053014553014553 0.010395010395010396
1 0.6416320166320166 0.6229729729729729 0.02130977130977131 0.013513513513513514
1 0.6422817047817048 0.6095634095634096 0.02156964656964657 0.013305613305613306
1 0.6411122661122661 0.5957380457380458 0.02182952182952183 0.014345114345114346
1 0.6632016632016632 0.6351351351351351 0.02234927234927235 0.010395010395010396
1 0.6642411642411642 0.6238045738045738 0.02130977130977131 0.015176715176715178
1 0.6641112266112266 0.6106029106029106 0.02053014553014553 0.014553014553014554
1 0.6633316008316008 0.595945945945946 0.02208939708939709 0.014345114345114346
1 0.6851611226611226 0.6348232848232849 0.02104989604989605 0.01101871101871102
1 0.7067307692307693 0.6349272349272349 0.02053014553014553 0.010810810810810811
1 0.7276507276507277 0.6347193347193347 0.02130977130977131 0.010810810810810811
1 0.748960498960499 0.6347193347193347 0.02182952182952183 0.010810810810810811
1 0.7705301455301455 0.6346153846153846 0.02182952182952183 0.010602910602910603
1 0.7920997920997921 0.6344074844074844 0.02130977130977131 0.010602910602910603
1 0.8101611226611226 0.6343035343035343 0.014812889812889814 0.010810810810810811
1 0.6859407484407485 0.6226611226611226 0.02156964656964657 0.013305613305613306
1 0.6851611226611226 0.6093555093555093 0.02208939708939709 0.013305613305613306
1 0.6849012474012474 0.5956340956340956 0.02156964656964657 0.013721413721413722
1 0.7068607068607069 0.6226611226611226 0.02027027027027027 0.013721413721413722
1 0.7066008316008316 0.6098752598752599 0.02079002079002079 0.014760914760914762
1 0.7063409563409564 0.5962577962577963 0.02130977130977131 0.01496881496881497
1 0.7273908523908524 0.6225571725571726 0.02130977130977131 0.013513513513513514
1 0.7488305613305614 0.6225571725571726 0.02156964656964657 0.013513513513513514
1 0.7705301455301455 0.6219334719334719 0.02182952182952183 0.014345114345114346
1 0.7920997920997921 0.6226611226611226 0.02182952182952183 0.014553014553014554
1 0.8102910602910602 0.6225571725571726 0.014553014553014554 0.014345114345114346
1 0.7273908523908524 0.6094594594594595 0.02130977130977131 0.014345114345114346
1 0.7272609147609148 0.5957380457380458 0.02104989604989605 0.014760914760914762
1 0.7485706860706861 0.6094594594594595 0.02156964656964657 0.01392931392931393
1 0.7485706860706861 0.5957380457380458 0.02156964656964657 0.014760914760914762
1 0.7701403326403327 0.6094594594594595 0.02208939708939709 0.014345114345114346
1 0.7919698544698545 0.6090436590436591 0.02156964656964657 0.01392931392931393
1 0.810031185031185 0.6086278586278586 0.014553014553014554 0.013513513513513514
1 0.7701403326403327 0.5955301455301455 0.02208939708939709 0.014345114345114346
1 0.7918399168399168 0.5957380457380458 0.02182952182952183 0.01392931392931393
1 0.8099012474012474 0.5956340956340956 0.014293139293139294 0.014553014553014554
0 0.9819386694386695 0.29386694386694384 0.036122661122661125 0.01891891891891892
0 0.878508316008316 0.2944906444906445 0.036122661122661125 0.018503118503118504
0 0.8752598752598753 0.441995841995842 0.037422037422037424 0.020374220374220375
0 0.8769490644490644 0.508939708939709 0.037681912681912684 0.017463617463617465
0 0.47336278586278585 0.36496881496881495 0.037681912681912684 0.020997920997921
0 0.596543659043659 0.3650727650727651 0.011174636174636175 0.02079002079002079
0 0.6247401247401247 0.36486486486486486 0.010395010395010396 0.021205821205821207
0 0.6528066528066528 0.3655925155925156 0.037422037422037424 0.022661122661122662
0 0.4247661122661123 0.4376299376299376 0.037162162162162164 0.022453222453222454
0 0.581470893970894 0.43264033264033264 0.036642411642411644 0.011642411642411643
0 0.6316268191268192 0.43513513513513513 0.014293139293139294 0.015384615384615385
0 0.728950103950104 0.43846153846153846 0.038461538461538464 0.02203742203742204
0 0.793918918918919 0.43700623700623703 0.037941787941787944 0.018295218295218296
0 0.7649428274428275 0.3683991683991684 0.037681912681912684 0.019126819126819128
0 0.5612006237006237 0.5091476091476091 0.037162162162162164 0.01787941787941788
1 0.9206081081081081 0.2648648648648649 0.0059771309771309775 0.0316008316008316
1 0.8469334719334719 0.3003118503118503 0.011954261954261955 0.006444906444906445
1 0.9130717255717256 0.3003118503118503 0.012733887733887735 0.0060291060291060294
1 0.9228170478170478 0.23700623700623702 0.009875259875259876 0.022453222453222454
1 0.8414760914760915 0.23461538461538461 0.008316008316008316 0.02681912681912682
