0 0.07775297619047619 0.29447751322751325 0.02703373015873016 0.01488095238095238
0 0.22271825396825398 0.2943121693121693 0.02628968253968254 0.017857142857142856
0 0.318328373015873 0.2933201058201058 0.02703373015873016 0.018518518518518517
0 0.4286954365079365 0.2918320105820106 0.022569444444444444 0.016865079365079364
0 0.5026041666666666 0.29216269841269843 0.025049603174603176 0.017526455026455025
0 0.7813740079365079 0.2888558201058201 0.02554563492063492 0.015542328042328041
0 0.5744047619047619 0.2906746031746032 0.028273809523809524 0.016534391534391533
0 0.839781746031746 0.28852513227513227 0.025793650793650792 0.016865079365079364
0 0.07018849206349206 0.533234126984127 0.022817460317460316 0.012896825396825396
0 0.40141369047619047 0.5322420634920635 0.02554563492063492 0.02017195767195767
0 0.49702380952380953 0.5302579365079365 0.0248015873015873 0.017526455026455025
0 0.7052331349206349 0.5302579365079365 0.026537698412698412 0.02017195767195767
0 0.933655753968254 0.529265873015873 0.027529761904761904 0.020833333333333332
0 0.034350198412698416 0.7829034391534392 0.029017857142857144 0.01951058201058201
0 0.2269345238095238 0.7767857142857143 0.022321428571428572 0.022486772486772486
0 0.32626488095238093 0.7751322751322751 0.025049603174603176 0.0205026455026455
0 0.47445436507936506 0.7728174603174603 0.022817460317460316 0.01984126984126984
0 0.6968005952380952 0.7718253968253969 0.026041666666666668 0.021164021164021163
1 0.024429563492063492 0.014219576719576719 0.048859126984126984 0.028439153439153438
1 0.023065476190476192 0.04447751322751323 0.04513888888888889 0.045965608465608467
1 0.09102182539682539 0.017195767195767195 0.08333333333333333 0.03373015873015873
1 0.08717757936507936 0.04877645502645503 0.08209325396825397 0.03802910052910053
1 0.1705109126984127 0.003968253968253968 0.07862103174603174 0.007936507936507936
1 0.17001488095238096 0.02132936507936508 0.07862103174603174 0.027447089947089946
1 0.16778273809523808 0.05191798941798942 0.08110119047619048 0.03373015873015873
1 0.24801587301587302 0.004133597883597883 0.0763888888888889 0.007605820105820105
1 0.24813988095238096 0.02166005291005291 0.07663690476190477 0.02943121693121693
1 0.24714781746031747 0.05125661375661376 0.07911706349206349 0.03373015873015873
1 0.3288690476190476 0.023148148148148147 0.08234126984126984 0.028439153439153438
1 0.32862103174603174 0.046792328042328045 0.08134920634920635 0.017526455026455025
1 0.3818204365079365 0.02595899470899471 0.025049603174603176 0.05125661375661376
1 0.40811011904761907 0.03373015873015873 0.0220734126984127 0.0667989417989418
1 0.43092757936507936 0.03373015873015873 0.021577380952380952 0.06746031746031746
1 0.4548611111111111 0.03373015873015873 0.021825396825396824 0.06746031746031746
1 0.5084325396825397 0.013723544973544973 0.08035714285714286 0.02546296296296296
1 0.5089285714285714 0.04563492063492063 0.08035714285714286 0.037037037037037035
1 0.5880456349206349 0.01455026455026455 0.07787698412698413 0.028439153439153438
1 0.5881696428571429 0.04894179894179894 0.07663690476190477 0.03505291005291005
1 0.6654265873015873 0.016203703703703703 0.07490079365079365 0.03042328042328042
1 0.6659226190476191 0.049107142857142856 0.07688492063492064 0.034722222222222224
1 0.7433035714285714 0.017361111111111112 0.07886904761904762 0.03406084656084656
1 0.7425595238095238 0.05009920634920635 0.07589285714285714 0.028108465608465607
1 0.8328373015873016 0.015542328042328041 0.10069444444444445 0.0291005291005291
1 0.8327132936507936 0.047619047619047616 0.10143849206349206 0.032407407407407406
1 0.9346478174603174 0.01669973544973545 0.1039186507936508 0.030753968253968252
1 0.9330357142857143 0.04828042328042328 0.09871031746031746 0.02976190476190476
1 0.08122519841269842 0.11441798941798942 0.1371527777777778 0.04298941798941799
1 0.054191468253968256 0.19874338624338625 0.10788690476190477 0.1746031746031746
1 0.11631944444444445 0.2058531746031746 0.015873015873015872 0.15773809523809523
1 0.1775793650793651 0.20932539682539683 0.10466269841269842 0.15145502645502645
1 0.2741815476190476 0.21164021164021163 0.0920138888888889 0.14351851851851852
1 0.3473462301587302 0.09408068783068783 0.12624007936507936 0.07506613756613757
1 0.3689236111111111 0.1949404761904762 0.10739087301587301 0.1736111111111111
1 0.4476686507936508 0.21064814814814814 0.0744047619047619 0.1474867724867725
1 0.5207093253968254 0.21147486772486773 0.07465277777777778 0.14384920634920634
1 0.5646081349206349 0.19593253968253968 0.02058531746031746 0.1703042328042328
1 0.6184275793650794 0.17840608465608465 0.08953373015873016 0.2080026455026455
1 0.697296626984127 0.18369708994708994 0.07018849206349206 0.19477513227513227
1 0.7750496031746031 0.20386904761904762 0.08134920634920635 0.15178571428571427
1 0.8461061507936508 0.1962632275132275 0.09300595238095238 0.16964285714285715
1 0.9415922619047619 0.18783068783068782 0.09846230158730158 0.18055555555555555
1 0.03459821428571429 0.4416335978835979 0.06572420634920635 0.1669973544973545
1 0.11185515873015874 0.43468915343915343 0.09523809523809523 0.17956349206349206
1 0.2126736111111111 0.42840608465608465 0.11731150793650794 0.19014550264550265
1 0.32056051587301587 0.43882275132275134 0.09350198412698413 0.16732804232804233
1 0.42299107142857145 0.4399801587301587 0.0716765873015873 0.16170634920634921
1 0.45610119047619047 0.3419312169312169 0.0 0.0
1 0.5086805555555556 0.42857142857142855 0.10515873015873016 0.1832010582010582
1 0.6278521825396826 0.4270833333333333 0.10887896825396826 0.18683862433862433
1 0.7371031746031746 0.4269179894179894 0.10962301587301587 0.18584656084656084
1 0.8468501984126984 0.42658730158730157 0.11086309523809523 0.18716931216931218
1 0.9501488095238095 0.4184854497354497 0.09970238095238096 0.20006613756613756
1 0.0679563492063492 0.671792328042328 0.12797619047619047 0.20205026455026456
1 0.13938492063492064 0.6638558201058201 0.023809523809523808 0.19543650793650794
1 0.18998015873015872 0.6669973544973545 0.06448412698412699 0.15873015873015872
1 0.2650049603174603 0.6785714285714286 0.09399801587301587 0.17195767195767195
1 0.3603670634920635 0.6653439153439153 0.08432539682539683 0.16997354497354497
1 0.4439484126984127 0.6684854497354498 0.0882936507936508 0.1822089947089947
1 0.5310019841269841 0.6678240740740741 0.09424603174603174 0.18551587301587302
1 0.6147073412698413 0.6572420634920635 0.08407738095238096 0.17162698412698413
1 0.9668898809523809 0.6501322751322751 0.06572420634920635 0.1832010582010582
1 0.04513888888888889 0.8955026455026455 0.08035714285714286 0.20899470899470898
1 0.12276785714285714 0.9037698412698413 0.08234126984126984 0.1765873015873016
1 0.2052331349206349 0.9002976190476191 0.0920138888888889 0.18287037037037038
1 0.2941468253968254 0.8774801587301587 0.07837301587301587 0.16567460317460317
1 0.3695436507936508 0.8999669312169312 0.08531746031746032 0.1736111111111111
1 0.45982142857142855 0.8971560846560847 0.08482142857142858 0.17923280423280424
1 0.6638144841269841 0.8817791005291006 0.025049603174603176 0.19345238095238096
1 0.7346230158730159 0.8971560846560847 0.11507936507936507 0.20238095238095238
1 0.9293154761904762 0.8943452380952381 0.125 0.2027116402116402
