0 0.4859871031746032 0.5138888888888888 0.02554563492063492 0.01984126984126984
0 0.1440972222222222 0.8115079365079365 0.023313492063492064 0.021164021164021163
0 0.025669642857142856 0.8095238095238095 0.026041666666666668 0.023148148148148147
0 0.45436507936507936 0.8108465608465608 0.023809523809523808 0.021164021164021163
1 0.26612103174603174 0.08465608465608465 0.022817460317460316 0.041005291005291
1 0.3002232142857143 0.14169973544973544 0.04389880952380952 0.18353174603174602
1 0.31287202380952384 0.08382936507936507 0.019593253968253968 0.04332010582010582
1 0.3211805555555556 0.0916005291005291 0.013888888888888888 0.03835978835978836
1 0.3480902777777778 0.14186507936507936 0.047371031746031744 0.18121693121693122
1 0.3974454365079365 0.1421957671957672 0.048859126984126984 0.18253968253968253
1 0.4089781746031746 0.0916005291005291 0.024305555555555556 0.056878306878306875
1 0.44717261904761907 0.14186507936507936 0.04811507936507937 0.1884920634920635
1 0.49689980158730157 0.14136904761904762 0.047867063492063495 0.18485449735449735
1 0.5500992063492064 0.13971560846560846 0.049107142857142856 0.18287037037037038
1 0.6001984126984127 0.1380621693121693 0.047619047619047616 0.1822089947089947
1 0.6491815476190477 0.1378968253968254 0.047371031746031744 0.1832010582010582
1 0.7003968253968254 0.13624338624338625 0.04861111111111111 0.1818783068783069
1 0.7522321428571429 0.13657407407407407 0.049107142857142856 0.18386243386243387
1 0.7368551587301587 0.08416005291005291 0.020833333333333332 0.05191798941798942
1 0.6856398809523809 0.0851521164021164 0.0220734126984127 0.05324074074074074
1 0.9878472222222222 0.14368386243386244 0.02132936507936508 0.1597222222222222
1 0.9847470238095238 0.07837301587301587 0.02058531746031746 0.0496031746031746
1 0.9342757936507936 0.1433531746031746 0.03720238095238095 0.16567460317460317
1 0.9262152777777778 0.1388888888888889 0.038938492063492064 0.17328042328042328
1 0.8567708333333334 0.15856481481481483 0.024057539682539684 0.13657407407407407
1 0.8443700396825397 0.1669973544973545 0.024057539682539684 0.12301587301587301
1 0.8349454365079365 0.16302910052910052 0.033482142857142856 0.12962962962962962
1 0.8239087301587301 0.16633597883597884 0.027281746031746032 0.125
1 0.7977430555555556 0.13955026455026456 0.015128968253968254 0.027116402116402115
1 0.8139880952380952 0.1400462962962963 0.01240079365079365 0.028108465608465607
1 0.7817460317460317 0.13822751322751323 0.01636904761904762 0.02447089947089947
1 0.06436011904761904 0.34656084656084657 0.007192460317460317 0.027777777777777776
1 0.05927579365079365 0.41005291005291006 0.027281746031746032 0.018518518518518517
1 0.10887896825396826 0.3318452380952381 0.07490079365079365 0.028108465608465607
1 0.030629960317460316 0.4756944444444444 0.04141865079365079 0.05324074074074074
1 0.09833829365079365 0.4755291005291005 0.09350198412698413 0.05555555555555555
1 0.2821180555555556 0.3194444444444444 0.057787698412698416 0.028439153439153438
1 0.27976190476190477 0.47172619047619047 0.06448412698412699 0.0625
1 0.33370535714285715 0.34308862433862436 0.06721230158730158 0.0248015873015873
1 0.4021577380952381 0.34242724867724866 0.06721230158730158 0.0248015873015873
1 0.46986607142857145 0.34226190476190477 0.06721230158730158 0.025793650793650792
1 0.5367063492063492 0.3414351851851852 0.06746031746031746 0.02546296296296296
1 0.3333333333333333 0.4148478835978836 0.05257936507936508 0.06183862433862434
1 0.33581349206349204 0.4755291005291005 0.05109126984126984 0.056216931216931214
1 0.3864087301587302 0.4738756613756614 0.04811507936507937 0.056216931216931214
1 0.43539186507936506 0.47437169312169314 0.04836309523809524 0.05654761904761905
1 0.38430059523809523 0.4166666666666667 0.047867063492063495 0.062169312169312166
1 0.43936011904761907 0.41650132275132273 0.06125992063492063 0.06117724867724868
1 0.5844494047619048 0.47470238095238093 0.050347222222222224 0.05853174603174603
1 0.6150793650793651 0.4174933862433862 0.12003968253968254 0.05787037037037037
1 0.6349206349206349 0.4748677248677249 0.051587301587301584 0.057539682539682536
1 0.6851438492063492 0.4748677248677249 0.047867063492063495 0.05886243386243386
1 0.7340029761904762 0.4738756613756614 0.05084325396825397 0.05886243386243386
1 0.7496279761904762 0.4252645502645503 0.012648809523809524 0.037698412698412696
1 0.7576884920634921 0.4226190476190476 0.010912698412698412 0.03968253968253968
1 0.7625248015873016 0.421957671957672 0.009672619047619048 0.042328042328042326
1 0.7690972222222222 0.4211309523809524 0.009424603174603174 0.044642857142857144
1 0.7782738095238095 0.4226190476190476 0.00744047619047619 0.0496031746031746
1 0.7842261904761905 0.41964285714285715 0.01488095238095238 0.046296296296296294
1 0.7185019841269841 0.8969907407407407 0.08581349206349206 0.07374338624338625
1 0.7300347222222222 0.9651124338624338 0.0597718253968254 0.06845238095238096
1 0.6681547619047619 0.9459325396825397 0.06696428571428571 0.10482804232804233
1 0.6164434523809523 0.9661044973544973 0.054811507936507936 0.06779100529100529
1 0.6081349206349206 0.8968253968253969 0.062003968253968256 0.07208994708994709
1 0.5581597222222222 0.9469246031746031 0.058779761904761904 0.10482804232804233
1 0.5023561507936508 0.9479166666666666 0.05431547619047619 0.10416666666666667
1 0.5029761904761905 0.8807870370370371 0.04861111111111111 0.04861111111111111
1 0.4435763888888889 0.9285714285714286 0.060267857142857144 0.1421957671957672
1 0.3861607142857143 0.9639550264550265 0.05803571428571429 0.07142857142857142
1 0.39285714285714285 0.8921957671957672 0.0763888888888889 0.07605820105820106
1 0.3304811507936508 0.9293981481481481 0.05431547619047619 0.1378968253968254
1 0.4166666666666667 0.7448743386243386 0.0625 0.1259920634920635
1 0.24330357142857142 0.8792989417989417 0.06746031746031746 0.047619047619047616
1 0.18861607142857142 0.8738425925925926 0.04538690476190476 0.036044973544973546
1 0.14310515873015872 0.8713624338624338 0.04563492063492063 0.037037037037037035
1 0.1953125 0.9191468253968254 0.061755952380952384 0.05324074074074074
1 0.14174107142857142 0.9181547619047619 0.04538690476190476 0.054563492063492064
1 0.5938740079365079 0.6129298941798942 0.013640873015873016 0.030753968253968252
1 0.581969246031746 0.6164021164021164 0.014632936507936508 0.042328042328042326
1 0.5768849206349206 0.6160714285714286 0.009424603174603174 0.04298941798941799
1 0.5643601190476191 0.6164021164021164 0.015128968253968254 0.042328042328042326
1 0.5498511904761905 0.6178902116402116 0.013888888888888888 0.04398148148148148
1 0.5369543650793651 0.6160714285714286 0.01240079365079365 0.04365079365079365
1 0.5229414682539683 0.6149140211640212 0.013640873015873016 0.03802910052910053
1 0.5110367063492064 0.6145833333333334 0.011656746031746032 0.03869047619047619
1 0.5500992063492064 0.13971560846560846 0.049107142857142856 0.18287037037037038
1 0.019469246031746032 0.7104828042328042 0.01314484126984127 0.12996031746031747
1 0.050347222222222224 0.7177579365079365 0.023809523809523808 0.1431878306878307
1 0.07899305555555555 0.718584656084656 0.02554563492063492 0.1421957671957672
1 0.10652281746031746 0.7192460317460317 0.03298611111111111 0.13822751322751323
1 0.13157242063492064 0.7202380952380952 0.028521825396825396 0.1402116402116402
1 0.171875 0.6575727513227513 0.018849206349206348 0.05191798941798942
1 0.17919146825396826 0.6545965608465608 0.02058531746031746 0.0539021164021164
1 0.18638392857142858 0.6498015873015873 0.014136904761904762 0.05291005291005291
1 0.16939484126984128 0.6818783068783069 0.017857142857142856 0.011243386243386243
1 0.2170138888888889 0.6841931216931217 0.01636904761904762 0.017195767195767195
1 0.18303571428571427 0.7357804232804233 0.020833333333333332 0.10846560846560846
1 0.20560515873015872 0.7372685185185185 0.020337301587301588 0.10945767195767196
1 0.24144345238095238 0.6441798941798942 0.022569444444444444 0.07936507936507936
1 0.2673611111111111 0.6335978835978836 0.018353174603174604 0.07407407407407407
1 0.24541170634920634 0.7374338624338624 0.019593253968253968 0.10648148148148148
1 0.28125 0.7294973544973545 0.018353174603174604 0.10317460317460317
1 0.2925347222222222 0.7215608465608465 0.016617063492063492 0.0992063492063492
1 0.2698412698412698 0.6759259259259259 0.010912698412698412 0.011243386243386243
1 0.2584325396825397 0.6785714285714286 0.010416666666666666 0.008597883597883597
1 0.3663194444444444 0.6782407407407407 0.012896825396825396 0.03571428571428571
1 0.35044642857142855 0.6747685185185185 0.015873015873015872 0.016203703703703703
1 0.3541666666666667 0.7261904761904762 0.02132936507936508 0.10251322751322751
1 0.38405257936507936 0.6909722222222222 0.017609126984126984 0.05720899470899471
1 0.3324652777777778 0.7228835978835979 0.016617063492063492 0.10185185185185185
1 0.24665178571428573 0.5876322751322751 0.012648809523809524 0.007936507936507936
1 0.2361111111111111 0.5914351851851852 0.009424603174603174 0.007605820105820105
1 0.22991071428571427 0.5950727513227513 0.013392857142857142 0.00496031746031746
1 0.22507440476190477 0.6010251322751323 0.009176587301587302 0.006283068783068783
1 0.21713789682539683 0.6061507936507936 0.011160714285714286 0.009259259259259259
1 0.17646329365079366 0.6226851851851852 0.009672619047619048 0.009259259259259259
1 0.16530257936507936 0.6279761904761905 0.014632936507936508 0.00992063492063492
1 0.15600198412698413 0.6335978835978836 0.013888888888888888 0.013888888888888888
1 0.14645337301587302 0.6410383597883598 0.014136904761904762 0.016203703703703703
1 0.13467261904761904 0.6415343915343915 0.01240079365079365 0.008597883597883597
1 0.19481646825396826 0.6020171957671958 0.007688492063492063 0.008267195767195767
1 0.18563988095238096 0.6061507936507936 0.01314484126984127 0.007275132275132275
1 0.18303571428571427 0.609457671957672 0.012896825396825396 0.008597883597883597
1 0.17410714285714285 0.6149140211640212 0.01240079365079365 0.01488095238095238
1 0.16207837301587302 0.6173941798941799 0.016617063492063492 0.011904761904761904
1 0.1484375 0.623181216931217 0.012152777777777778 0.013558201058201057
1 0.1375248015873016 0.6259920634920635 0.00818452380952381 0.011904761904761904
1 0.1277281746031746 0.6319444444444444 0.010416666666666666 0.01455026455026455
1 0.11755952380952381 0.6392195767195767 0.00744047619047619 0.017195767195767195
1 0.10602678571428571 0.642691798941799 0.014136904761904762 0.01488095238095238
1 0.17584325396825398 0.6051587301587301 0.00992063492063492 0.011904761904761904
1 0.16592261904761904 0.6089616402116402 0.005952380952380952 0.016203703703703703
1 0.13603670634920634 0.6172288359788359 0.011160714285714286 0.00958994708994709
1 0.1494295634920635 0.613260582010582 0.010168650793650794 0.012235449735449735
1 0.12512400793650794 0.623015873015873 0.011160714285714286 0.011243386243386243
1 0.11396329365079365 0.6279761904761905 0.011160714285714286 0.00992063492063492
1 0.10131448412698413 0.6329365079365079 0.010168650793650794 0.012566137566137565
1 0.0896577380952381 0.6397156084656085 0.010168650793650794 0.013558201058201057
1 0.07961309523809523 0.6446759259259259 0.013888888888888888 0.011574074074074073
1 0.06572420634920635 0.6484788359788359 0.012896825396825396 0.01521164021164021
1 0.48995535714285715 0.638723544973545 0.011656746031746032 0.012896825396825396
1 0.48821924603174605 0.6455026455026455 0.008680555555555556 0.011904761904761904
1 0.48313492063492064 0.6536044973544973 0.008928571428571428 0.021494708994708994
1 0.47371031746031744 0.656415343915344 0.010912698412698412 0.007275132275132275
1 0.47358630952380953 0.7075066137566137 0.021081349206349208 0.09689153439153439
1 0.5068204365079365 0.6392195767195767 0.01066468253968254 0.007936507936507936
1 0.49615575396825395 0.6565806878306878 0.01066468253968254 0.006283068783068783
1 0.49516369047619047 0.7084986772486772 0.019097222222222224 0.09623015873015874
1 0.5252976190476191 0.6458333333333334 0.011408730158730158 0.015873015873015872
1 0.5231894841269841 0.6489748677248677 0.01066468253968254 0.008267195767195767
1 0.5715525793650794 0.6812169312169312 0.014136904761904762 0.015873015873015872
1 0.6521577380952381 0.6792328042328042 0.013640873015873016 0.015873015873015872
1 0.6277281746031746 0.6790674603174603 0.015376984126984126 0.01488095238095238
1 0.6030505952380952 0.6782407407407407 0.013640873015873016 0.01521164021164021
1 0.6547619047619048 0.7331349206349206 0.0248015873015873 0.11243386243386243
1 0.6303323412698413 0.7333002645502645 0.025049603174603176 0.11078042328042328
1 0.605530753968254 0.7333002645502645 0.023561507936507936 0.10945767195767196
1 0.6194196428571429 0.6349206349206349 0.01314484126984127 0.08134920634920635
1 0.6262400793650794 0.6359126984126984 0.016865079365079364 0.07208994708994709
1 0.6294642857142857 0.638558201058201 0.016865079365079364 0.0667989417989418
1 0.644593253968254 0.6412037037037037 0.025297619047619048 0.06481481481481481
1 0.6625744047619048 0.6509589947089947 0.018601190476190476 0.03670634920634921
1 0.6688988095238095 0.6979166666666666 0.02132936507936508 0.11144179894179894
0 0.28596230158730157 0.513723544973545 0.025793650793650792 0.02017195767195767
0 0.33023313492063494 0.3630952380952381 0.023561507936507936 0.01917989417989418
0 0.6060267857142857 0.242228835978836 0.024057539682539684 0.022156084656084655
0 0.9645337301587301 0.23511904761904762 0.026785714285714284 0.021164021164021163
0 0.8885168650793651 0.5143849206349206 0.025049603174603176 0.020833333333333332
0 0.7296626984126984 0.5143849206349206 0.025793650793650792 0.02017195767195767
0 0.040426587301587304 0.2468584656084656 0.026785714285714284 0.021494708994708994
0 0.2496279761904762 0.24487433862433863 0.024553571428571428 0.022817460317460316
0 0.022817460317460316 0.5125661375661376 0.025297619047619048 0.023148148148148147
0 0.08333333333333333 0.3541666666666667 0.025297619047619048 0.018518518518518517
0 0.16889880952380953 0.35466269841269843 0.025793650793650792 0.018187830687830687
1 0.7935267857142857 0.4173280423280423 0.012648809523809524 0.05291005291005291
1 0.8048115079365079 0.4191468253968254 0.013392857142857142 0.05125661375661376
1 0.8091517857142857 0.4173280423280423 0.01066468253968254 0.05357142857142857
1 0.8154761904761905 0.445271164021164 0.011408730158730158 0.11474867724867725
1 0.8297371031746031 0.445271164021164 0.018105158730158732 0.11673280423280423
1 0.8411458333333334 0.4439484126984127 0.021081349206349208 0.1207010582010582
1 0.8871527777777778 0.4416335978835979 0.027281746031746032 0.12202380952380952
1 0.9148065476190477 0.4427910052910053 0.027529761904761904 0.11904761904761904
1 0.9372519841269841 0.4426256613756614 0.01984126984126984 0.12136243386243387
1 0.9497767857142857 0.439484126984127 0.030009920634920636 0.12698412698412698
1 0.9796626984126984 0.435515873015873 0.03125 0.13425925925925927
1 0.9946676587301587 0.43171296296296297 0.010168650793650794 0.12797619047619047
1 0.9688740079365079 0.9333664021164021 0.06225198412698413 0.13128306878306878
1 0.8773561507936508 0.9695767195767195 0.12078373015873016 0.05886243386243386
1 0.8812003968253969 0.9027777777777778 0.11359126984126984 0.07208994708994709
1 0.7951388888888888 0.910218253968254 0.07192460317460317 0.08895502645502645
1 0.7890625 0.9654431216931217 0.06225198412698413 0.06514550264550265
1 0.7853422619047619 0.359457671957672 0.0662202380952381 0.005952380952380952
0 0.808655753968254 0.14434523809523808 0.011656746031746032 0.011574074074074073
0 0.8054315476190477 0.18617724867724866 0.00818452380952381 0.013888888888888888
1 0.7965029761904762 0.17840608465608465 0.01711309523809524 0.02414021164021164
1 0.7805059523809523 0.1775793650793651 0.017857142857142856 0.02447089947089947
1 0.7993551587301587 0.21709656084656084 0.015873015873015872 0.02017195767195767
1 0.7826140873015873 0.21742724867724866 0.01711309523809524 0.020833333333333332
1 0.02703373015873016 0.3854166666666667 0.03571428571428571 0.04861111111111111
1 0.027901785714285716 0.42824074074074076 0.036458333333333336 0.04563492063492063
1 0.018353174603174604 0.34011243386243384 0.019345238095238096 0.040674603174603176
1 0.05133928571428571 0.34375 0.014384920634920634 0.03207671957671958
1 0.7182539682539683 0.3599537037037037 0.06398809523809523 0.007605820105820105
0 0.5308779761904762 0.8139880952380952 0.02554563492063492 0.022156084656084655
0 0.7006448412698413 0.814318783068783 0.024305555555555556 0.022817460317460316
1 0.0574156746031746 0.1455026455026455 0.06274801587301587 0.18253968253968253
1 0.13529265873015872 0.20949074074074073 0.08308531746031746 0.05191798941798942
1 0.19779265873015872 0.17063492063492064 0.060267857142857144 0.1349206349206349
1 0.016121031746031748 0.1552579365079365 0.01984126984126984 0.1669973544973545
1 0.24937996031746032 0.14517195767195767 0.05133928571428571 0.18386243386243387
1 0.7052331349206349 0.6030092592592593 0.012648809523809524 0.020833333333333332
1 0.6868799603174603 0.6041666666666666 0.01066468253968254 0.018518518518518517
1 0.6822916666666666 0.6021825396825397 0.011408730158730158 0.01917989417989418
1 0.8726438492063492 0.5838293650793651 0.023065476190476192 0.008928571428571428
1 0.8726438492063492 0.5987103174603174 0.02554563492063492 0.022817460317460316
1 0.8541666666666666 0.6030092592592593 0.01984126984126984 0.008928571428571428
1 0.15997023809523808 0.58994708994709 0.010416666666666666 0.013888888888888888
1 0.1488095238095238 0.5993716931216931 0.006448412698412698 0.018187830687830687
1 0.031001984126984128 0.6507936507936508 0.009424603174603174 0.03571428571428571
1 0.022321428571428572 0.6334325396825397 0.011904761904761904 0.01488095238095238
1 0.5813492063492064 0.3621031746031746 0.012896825396825396 0.007936507936507936
1 0.5944940476190477 0.36342592592592593 0.011408730158730158 0.010582010582010581
1 0.607390873015873 0.3627645502645503 0.01240079365079365 0.005952380952380952
1 0.6459573412698413 0.36078042328042326 0.060267857142857144 0.005291005291005291
1 0.14112103174603174 0.6006944444444444 0.00992063492063492 0.016865079365079364
1 0.1328125 0.6056547619047619 0.007688492063492063 0.017526455026455025
1 0.8742559523809523 0.68369708994709 0.01636904761904762 0.04398148148148148
1 0.865203373015873 0.6488095238095238 0.015128968253968254 0.023809523809523808
1 0.8523065476190477 0.6559193121693122 0.01066468253968254 0.017526455026455025
1 0.7571924603174603 0.58994708994709 0.03125 0.026455026455026454
1 0.7580605158730159 0.5714285714285714 0.03794642857142857 0.008597883597883597
1 0.9365079365079365 0.6416997354497355 0.019345238095238096 0.020833333333333332
1 0.9099702380952381 0.6456679894179894 0.019345238095238096 0.020833333333333332
1 0.9009176587301587 0.14699074074074073 0.03943452380952381 0.16765873015873015
1 0.8911210317460317 0.09358465608465609 0.020833333333333332 0.037698412698412696
1 0.8704117063492064 0.1541005291005291 0.028025793650793652 0.14616402116402116
1 0.933531746031746 0.6817129629629629 0.016865079365079364 0.05125661375661376
1 0.9217509920634921 0.6724537037037037 0.010168650793650794 0.04265873015873016
1 0.9103422619047619 0.6572420634920635 0.012648809523809524 0.018187830687830687
1 0.9002976190476191 0.6812169312169312 0.014384920634920634 0.04431216931216931
1 0.8655753968253969 0.6620370370370371 0.014384920634920634 0.01521164021164021
1 0.9019097222222222 0.642691798941799 0.016121031746031748 0.0248015873015873
1 0.8829365079365079 0.6418650793650794 0.019345238095238096 0.01521164021164021
1 0.8420138888888888 0.6412037037037037 0.020337301587301588 0.010582010582010581
1 0.7843501984126984 0.6435185185185185 0.015625 0.021825396825396824
1 0.7731894841269841 0.6362433862433863 0.010168650793650794 0.018518518518518517
1 0.7611607142857143 0.6519510582010583 0.013888888888888888 0.04332010582010582
1 0.738343253968254 0.6575727513227513 0.017361111111111112 0.04332010582010582
1 0.7307787698412699 0.6484788359788359 0.021577380952380952 0.03439153439153439
1 0.6873759920634921 0.6496362433862434 0.015625 0.03207671957671958
1 0.6655505952380952 0.62119708994709 0.017609126984126984 0.02017195767195767
1 0.6892361111111112 0.6238425925925926 0.020337301587301588 0.017526455026455025
1 0.7172619047619048 0.6299603174603174 0.01488095238095238 0.013888888888888888
1 0.7578125 0.6291335978835979 0.01314484126984127 0.013558201058201057
1 0.75 0.6359126984126984 0.011904761904761904 0.015873015873015872
1 0.7083333333333334 0.6355820105820106 0.01984126984126984 0.03439153439153439
1 0.6919642857142857 0.6145833333333334 0.01636904761904762 0.016865079365079364
1 0.7229662698412699 0.605489417989418 0.013392857142857142 0.01917989417989418
1 0.06001984126984127 0.6321097883597884 0.01240079365079365 0.022156084656084655
1 0.031374007936507936 0.5884589947089947 0.00818452380952381 0.008267195767195767
1 0.11805555555555555 0.6116071428571429 0.008928571428571428 0.017526455026455025
1 0.08482142857142858 0.621031746031746 0.015873015873015872 0.0291005291005291
1 0.12065972222222222 0.5901124338624338 0.01314484126984127 0.011574074074074073
1 0.14000496031746032 0.589781746031746 0.008680555555555556 0.00958994708994709
1 0.10354662698412699 0.5904431216931217 0.011656746031746032 0.010912698412698412
1 0.0882936507936508 0.5869708994708994 0.008928571428571428 0.007936507936507936
1 0.06919642857142858 0.5902777777777778 0.00992063492063492 0.013227513227513227
1 0.050595238095238096 0.5891203703703703 0.010416666666666666 0.013558201058201057
1 0.10404265873015874 0.6140873015873016 0.007192460317460317 0.027116402116402115
1 0.046750992063492064 0.9742063492063492 0.05381944444444445 0.05092592592592592
1 0.12413194444444445 0.607473544973545 0.006696428571428571 0.013888888888888888
1 0.03608630952380952 0.3404431216931217 0.01711309523809524 0.03869047619047619
1 0.12078373015873016 0.40922619047619047 0.04017857142857143 0.022156084656084655
1 0.1626984126984127 0.3082010582010582 0.060515873015873016 0.01521164021164021
1 0.17584325396825398 0.3326719576719577 0.06845238095238096 0.025793650793650792
1 0.24404761904761904 0.3316798941798942 0.07192460317460317 0.032407407407407406
1 0.2836061507936508 0.33382936507936506 0.019593253968253968 0.03273809523809524
1 0.27467757936507936 0.3247354497354497 0.06374007936507936 0.027777777777777776
1 0.7842261904761905 0.4738756613756614 0.05109126984126984 0.05952380952380952
1 0.26946924603174605 0.7369378306878307 0.020089285714285716 0.10945767195767196
1 0.20374503968253968 0.6097883597883598 0.013640873015873016 0.00992063492063492
1 0.1861359126984127 0.6193783068783069 0.012152777777777778 0.012566137566137565
1 0.5130208333333334 0.7061838624338624 0.016121031746031748 0.09887566137566138
1 0.5226934523809523 0.6828703703703703 0.01314484126984127 0.01521164021164021
1 0.3478422619047619 0.3253968253968254 0.06076388888888889 0.004629629629629629
1 0.15376984126984128 0.595734126984127 0.007936507936507936 0.016865079365079364
1 0.4104662698412698 0.32407407407407407 0.06448412698412699 0.0006613756613756613
1 0.353546626984127 0.32043650793650796 0.057291666666666664 0.003968253968253968
1 0.5378224206349206 0.32589285714285715 0.058779761904761904 0.01025132275132275
1 0.14322916666666666 0.9760251322751323 0.14459325396825398 0.04728835978835979
1 0.16046626984126985 0.6590608465608465 0.022817460317460316 0.04828042328042328
1 0.20126488095238096 0.6506283068783069 0.023561507936507936 0.06514550264550265
1 0.2201140873015873 0.6607142857142857 0.018601190476190476 0.10251322751322751
1 0.19035218253968253 0.68369708994709 0.016617063492063492 0.014219576719576719
1 0.8802083333333334 0.6617063492063492 0.01488095238095238 0.025793650793650792
1 0.7374751984126984 0.6294642857142857 0.015625 0.012896825396825396
1 0.09474206349206349 0.6157407407407407 0.010416666666666666 0.026455026455026454
1 0.7222222222222222 0.6975859788359788 0.025297619047619048 0.11541005291005291
1 0.8082837301587301 0.7015542328042328 0.03869047619047619 0.17559523809523808
1 0.8363095238095238 0.6712962962962963 0.01636904761904762 0.04497354497354497
1 0.9567212301587301 0.13293650793650794 0.04439484126984127 0.18716931216931218
1 0.25458829365079366 0.6390542328042328 0.017609126984126984 0.07705026455026455
1 0.5259176587301587 0.7392526455026455 0.026537698412698412 0.11673280423280423
1 0.5473710317460317 0.6822089947089947 0.015376984126984126 0.01455026455026455
1 0.550719246031746 0.7369378306878307 0.021081349206349208 0.11474867724867725
1 0.574280753968254 0.7371031746031746 0.02554563492063492 0.1111111111111111
1 0.0740327380952381 0.628968253968254 0.011160714285714286 0.021825396825396824
1 0.48462301587301587 0.4742063492063492 0.05009920634920635 0.0582010582010582
1 0.5344742063492064 0.47437169312169314 0.0496031746031746 0.05919312169312169
1 0.6938244047619048 0.6954365079365079 0.028521825396825396 0.11375661375661375
1 0.7449156746031746 0.7023809523809523 0.018105158730158732 0.11177248677248677
1 0.7566964285714286 0.7144510582010583 0.027281746031746032 0.12268518518518519
1 0.7808779761904762 0.7156084656084656 0.019097222222222224 0.12169312169312169
1 0.8402777777777778 0.7248677248677249 0.025297619047619048 0.125
1 0.855530753968254 0.7334656084656085 0.03298611111111111 0.12764550264550265
1 0.886780753968254 0.7334656084656085 0.02703373015873016 0.13227513227513227
1 0.9154265873015873 0.7318121693121693 0.02628968253968254 0.12896825396825398
1 0.9481646825396826 0.7331349206349206 0.033234126984126984 0.1283068783068783
1 0.9637896825396826 0.6572420634920635 0.013888888888888888 0.018187830687830687
1 0.949156746031746 0.6583994708994709 0.010912698412698412 0.015873015873015872
1 0.046875 0.6364087301587301 0.009424603174603174 0.016203703703703703
1 0.2523561507936508 0.9505621693121693 0.11929563492063493 0.09821428571428571
1 0.5040922619047619 0.6459986772486772 0.011656746031746032 0.004298941798941799
1 0.5021081349206349 0.6575727513227513 0.010168650793650794 0.015542328042328041
1 0.5248015873015873 0.6676587301587301 0.015376984126984126 0.03571428571428571
1 0.15811011904761904 0.611441798941799 0.005208333333333333 0.011243386243386243
1 0.19407242063492064 0.6117724867724867 0.009672619047619048 0.007936507936507936
1 0.15984623015873015 0.7366071428571429 0.025049603174603176 0.10615079365079365
1 0.8565228174603174 0.44312169312169314 0.03447420634920635 0.12235449735449735
1 0.9836309523809523 0.7319775132275133 0.032242063492063495 0.13194444444444445
