1 0.14195384128991465 0.11614671163575042 0.03540942143534619 0.03330522765598651
1 0.1022763199494151 0.12752951096121418 0.04268099905153335 0.0366779089376054
1 0.06149225418906102 0.12752951096121418 0.03635788808093582 0.03330522765598651
1 0.1727790072715776 0.1239460370994941 0.022447043945621244 0.016863406408094434
1 0.1541258299083149 0.1467116357504216 0.04837179892507114 0.03709949409780776
1 0.04584255453683212 0.16336424957841483 0.03351248814416693 0.024873524451939293
1 0.07998735377805881 0.16315345699831366 0.03414479924122668 0.03204047217537943
1 0.11381599747075562 0.16231028667790895 0.030350932658868162 0.02951096121416526
1 0.16993360733480872 0.18254637436762225 0.041416376857413846 0.031197301854974706
1 0.12772684160607017 0.19161045531197302 0.0379386658235852 0.02824620573355818
1 0.09089472020233955 0.19392917369308602 0.03129939930445779 0.025295109612141653
1 0.05548529876699336 0.18465430016863407 0.031931710401517543 0.01517706576728499
1 0.018653177363262725 0.19203204047217537 0.03540942143534619 0.025716694772344013
1 0.06054378754347139 0.22449409780775717 0.04268099905153335 0.05860033726812816
1 0.10132785330382549 0.2316610455311973 0.035725576983876066 0.045109612141652614
1 0.1392665191274107 0.23123946037099494 0.035725576983876066 0.045952782462057334
1 0.1764147960796712 0.2261804384485666 0.03730635472652545 0.05354131534569983
1 0.024343977236800506 0.23102866779089376 0.028453999367688904 0.047217537942664416
1 0.004900411002213089 0.23123946037099494 0.00853619981030667 0.046795952782462055
1 0.19222257350616503 0.13806913996627318 0.013278533038254822 0.031618887015177066
1 0.1863736958583623 0.16252107925801013 0.013594688586784698 0.024030354131534568
1 0.19933607334808726 0.16673693086003372 0.014226999683844452 0.022344013490725127
1 0.2110338286436927 0.17263912310286678 0.018020866266202973 0.031618887015177066
1 0.2222573506165033 0.1711635750421585 0.014543155232374328 0.01770657672849916
1 0.2056591843186848 0.1937183811129848 0.021814732848561492 0.024030354131534568
1 0.19601644008852356 0.20025295109612143 0.012646221941195067 0.021922428330522766
1 0.21324691748340183 0.23123946037099494 0.03382864369269681 0.046795952782462055
1 0.23711666139740753 0.19350758853288363 0.032880177047107176 0.03794266441821248
1 0.24675940562756876 0.22723440134907252 0.03129939930445779 0.04215851602023609
1 0.2548213721150806 0.1572512647554806 0.0379386658235852 0.045531197301854974
1 0.2786911160290863 0.13406408094435077 0.033196332595637056 0.04047217537942664
1 0.2932342712614606 0.15893760539629004 0.033196332595637056 0.03794266441821248
1 0.31188744862472334 0.13174536256323777 0.029402466013278533 0.031618887015177066
1 0.27110338286436925 0.1897133220910624 0.0325640214985773 0.0387858347386172
1 0.30556433765412583 0.1918212478920742 0.03129939930445779 0.04468802698145025
1 0.32832753714827695 0.15493254637436762 0.03509326588681631 0.03920741989881956
1 0.3322794815049004 0.12731871838111297 0.010749288650015808 0.013490725126475547
1 0.3528295921593424 0.13195615514333894 0.030983243755927918 0.0387858347386172
1 0.36626620297186213 0.1671585160202361 0.03509326588681631 0.046795952782462055
1 0.3866582358520392 0.13406408094435077 0.03351248814416693 0.046374367622259695
1 0.3893455580145432 0.19582630691399663 0.03129939930445779 0.04005059021922428
1 0.4079987353778059 0.16378583473861721 0.027505532722099272 0.0366779089376054
1 0.4294973126778375 0.16505059021922427 0.02118242175150174 0.0366779089376054
1 0.4238065128042997 0.19350758853288363 0.033196332595637056 0.03794266441821248
1 0.43171040151754664 0.22849915682967958 0.04015175466329434 0.049747048903878585
1 0.2837496048055643 0.22681281618887014 0.038887132469174836 0.05396290050590219
1 0.3226367372747392 0.22934232715008432 0.035725576983876066 0.045531197301854974
1 0.33907682579829274 0.18697301854974704 0.03635788808093582 0.051011804384485666
1 0.3597850142269997 0.22976391231028667 0.0366740436294657 0.049747048903878585
1 0.39503635788808095 0.23334738617200673 0.031931710401517543 0.04258010118043845
1 0.4443566234587417 0.196247892074199 0.012962377489724945 0.025716694772344013
1 0.45858362314258616 0.20446880269814502 0.02118242175150174 0.02866779089376054
1 0.46727790072715775 0.23566610455311973 0.027821688270629148 0.04131534569983136
1 0.4851406892190958 0.19877740303541316 0.030034777110338286 0.03330522765598651
1 0.49636421119190643 0.23524451939291738 0.027821688270629148 0.04215851602023609
1 0.5162820107492887 0.2038364249578415 0.027821688270629148 0.03836424957841484
1 0.5478975656022763 0.1981450252951096 0.029086310464748657 0.03794266441821248
1 0.5317736326272526 0.23566610455311973 0.030350932658868162 0.04131534569983136
1 0.582042364843503 0.19772344013490725 0.03161555485298767 0.0387858347386172
1 0.5637053430287702 0.23355817875210794 0.028453999367688904 0.04131534569983136
1 0.5945305090104331 0.23440134907251264 0.03066708820739804 0.0387858347386172
1 0.6125513752766361 0.1973018549747049 0.02877015491621878 0.04384485666104553
1 0.6286753082516598 0.22976391231028667 0.035725576983876066 0.048903878583473864
1 0.6459057856465381 0.19435075885328837 0.03540942143534619 0.04300168634064081
1 0.6664558963009801 0.22765598650927488 0.0379386658235852 0.049747048903878585
1 0.6764147960796711 0.13870151770657674 0.03635788808093582 0.04468802698145025
1 0.6595004742333228 0.16209949409780774 0.03414479924122668 0.040893760539629
1 0.6835282959215935 0.19034569983136593 0.036041732532405946 0.04426644182124789
1 0.7066076509642745 0.2282883642495784 0.03920328801770471 0.051011804384485666
1 0.7002845399936769 0.15788364249578415 0.03730635472652545 0.040893760539629
1 0.7233638950363579 0.13827993254637436 0.030983243755927918 0.04300168634064081
1 0.7233638950363579 0.18591905564924116 0.04046791021182422 0.048903878583473864
1 0.7447043945621246 0.22913153456998314 0.03382864369269681 0.045952782462057334
1 0.7473917167246286 0.1627318718381113 0.03224786595004742 0.04384485666104553
1 0.7625671830540626 0.1918212478920742 0.03351248814416693 0.04468802698145025
1 0.7840657603540943 0.22723440134907252 0.03920328801770471 0.048903878583473864
1 0.8313310148593108 0.2251264755480607 0.05406259879860892 0.05564924114671164
1 0.8503003477711034 0.18149241146711637 0.044577932342712616 0.05438448566610455
1 0.8823901359468859 0.2306070826306914 0.044261776794182736 0.06239460370994941
1 0.889819791337338 0.12752951096121418 0.03699019917799557 0.04342327150084317
1 0.8736958583623142 0.16125632377740304 0.031931710401517543 0.045109612141652614
1 0.9002529244388239 0.18296795952782463 0.04837179892507114 0.048060708263069137
1 0.9177995573822321 0.11867622259696459 0.030350932658868162 0.03920741989881956
1 0.9143218463484034 0.15451096121416527 0.03351248814416693 0.031618887015177066
1 0.938507745810939 0.13364249578414839 0.04584255453683212 0.045531197301854974
1 0.9740752450205501 0.1174114671163575 0.04046791021182422 0.05185497470489039
1 0.9848245336705659 0.13954468802698144 0.030350932658868162 0.04131534569983136
1 0.9614290230793551 0.16694772344013492 0.032880177047107176 0.0387858347386172
1 0.9826114448308568 0.18465430016863407 0.03414479924122668 0.047217537942664416
1 0.9404046791021182 0.1852866779089376 0.04331331014859311 0.04342327150084317
1 0.9250711349984192 0.2263912310286678 0.03983559911476446 0.05311973018549747
1 0.9687006006955422 0.2238617200674536 0.043629465697122984 0.05396290050590219
1 0.8664242807461271 0.1218381112984823 0.01612393297502371 0.021079258010118045
1 0.8586784698071451 0.14291736930860033 0.015175466329434081 0.021079258010118045
1 0.8552007587733165 0.12521079258010118 0.017704710717673097 0.024451939291736932
1 0.8428706923806513 0.15029510961214165 0.029086310464748657 0.025716694772344013
1 0.8208978817578249 0.15282462057335583 0.03382864369269681 0.03414839797639123
1 0.846190325640215 0.1218381112984823 0.03129939930445779 0.026981450252951095
1 0.9472020233955106 0.10813659359190557 0.019601644008852354 0.01391231028667791
1 0.006797344293392349 0.33579258010118046 0.013594688586784698 0.04258010118043845
1 0.024818210559595322 0.338743676222597 0.044577932342712616 0.03836424957841484
1 0.05469490989566867 0.3456998313659359 0.03730635472652545 0.050590219224283306
1 0.0902624091052798 0.33979763912310285 0.0325640214985773 0.046374367622259695
1 0.12582990831489094 0.3412731871838111 0.03414479924122668 0.040893760539629
1 0.1628201074928865 0.3374789207419899 0.03414479924122668 0.045109612141652614
1 0.18653177363262724 0.34106239460370996 0.026557066076509643 0.046374367622259695
1 0.19854568447676257 0.33473861720067455 0.025292443882390134 0.03625632377740304
1 0.1661397407524502 0.3813237774030354 0.04268099905153335 0.047639123102866776
1 0.138476130256086 0.3872259696458685 0.036041732532405946 0.05185497470489039
1 0.0997470755611761 0.37731871838111297 0.03699019917799557 0.05311973018549747
1 0.06117609864053114 0.38511804384485665 0.03699019917799557 0.045109612141652614
1 0.02703129939930446 0.38343170320404724 0.030034777110338286 0.047639123102866776
1 0.2040784065760354 0.37984822934232715 0.0325640214985773 0.049747048903878585
1 0.22605121719886184 0.342327150084317 0.03920328801770471 0.047217537942664416
1 0.24122668352829593 0.38174536256323777 0.03983559911476446 0.045109612141652614
1 0.2649383496680367 0.34865092748735244 0.032880177047107176 0.03962900505902192
1 0.24754979449889344 0.31176222596964587 0.03730635472652545 0.04258010118043845
1 0.27884919380335127 0.3815345699831366 0.03414479924122668 0.04384485666104553
1 0.28137843819159025 0.3145025295109612 0.02971862156180841 0.04300168634064081
1 0.29813468226367373 0.34886172006745364 0.03161555485298767 0.0366779089376054
1 0.31678785962693645 0.3126053962900506 0.03730635472652545 0.046795952782462055
1 0.35235535883654756 0.3147133220910624 0.038887132469174836 0.045109612141652614
1 0.3891874802402782 0.3113406408094435 0.03224786595004742 0.03836424957841484
1 0.40214985773000317 0.3349494097807757 0.03983559911476446 0.04426644182124789
1 0.3705343028770155 0.3456998313659359 0.02971862156180841 0.04131534569983136
1 0.31267783749604805 0.3794266441821248 0.03224786595004742 0.046374367622259695
1 0.33354410369901993 0.3484401349072513 0.030983243755927918 0.03583473861720068
1 0.3485614922541891 0.3771079258010118 0.035725576983876066 0.04342327150084317
1 0.38349668036674045 0.3813237774030354 0.029086310464748657 0.04426644182124789
1 0.41685109073664245 0.37984822934232715 0.0325640214985773 0.04384485666104553
1 0.4100537464432501 0.30206576728499157 0.026557066076509643 0.021500843170320406
1 0.42396459057856467 0.33537099494097805 0.0189693329117926 0.03920741989881956
1 0.4424596901675624 0.3324198988195616 0.018653177363262725 0.03920741989881956
1 0.4280746127094531 0.3121838111298482 0.010749288650015808 0.026559865092748734
1 0.44909895668668987 0.3821669477234401 0.02877015491621878 0.045952782462057334
1 0.4645905785646538 0.3475969645868465 0.031931710401517543 0.04258010118043845
1 0.4958899778691116 0.3482293423271501 0.027505532722099272 0.03962900505902192
1 0.4789756560227632 0.385539629005059 0.027189377173569396 0.040893760539629
1 0.5090104331331015 0.3846964586846543 0.030350932658868162 0.04342327150084317
1 0.5271893771735694 0.34991568296795955 0.029402466013278533 0.04215851602023609
1 0.5580145431552324 0.3246205733558179 0.025292443882390134 0.023608768971332208
1 0.5576983876067025 0.35181281618887017 0.027189377173569396 0.040893760539629
1 0.5878912424913058 0.3513912310286678 0.03066708820739804 0.040893760539629
1 0.5406259879860892 0.3880691399662732 0.027821688270629148 0.04005059021922428
1 0.5708188428706924 0.3868043844856661 0.028137843819159025 0.04173693086003373
1 0.6006955422067657 0.38701517706576727 0.026557066076509643 0.04131534569983136
1 0.6319949415112235 0.38427487352445194 0.030350932658868162 0.045109612141652614
1 0.6650331963325956 0.3846964586846543 0.031931710401517543 0.04258010118043845
1 0.646063863420803 0.3459106239460371 0.03446095478975656 0.04258010118043845
1 0.6662978185267151 0.3136593591905565 0.03382864369269681 0.04384485666104553
1 0.6991779955738223 0.30986509274873525 0.03129939930445779 0.03962900505902192
1 0.6809990515333544 0.3484401349072513 0.032880177047107176 0.04342327150084317
1 0.7325324059437243 0.3121838111298482 0.030983243755927918 0.03583473861720068
1 0.7157761618716408 0.3459106239460371 0.032880177047107176 0.051011804384485666
1 0.6980714511539677 0.3865935919055649 0.03351248814416693 0.04047217537942664
1 0.7330066392665191 0.3825885328836425 0.0325640214985773 0.04342327150084317
1 0.7494467277900727 0.346964586846543 0.029402466013278533 0.04300168634064081
1 0.7671514385077458 0.3145025295109612 0.03509326588681631 0.04131534569983136
1 0.7839076825798292 0.3480185497470489 0.033196332595637056 0.04173693086003373
1 0.7658868163136263 0.3857504215851602 0.0325640214985773 0.04468802698145025
1 0.7989250711349984 0.38406408094435074 0.02971862156180841 0.04468802698145025
1 0.835757192538729 0.3825885328836425 0.03635788808093582 0.046795952782462055
1 0.8047739487828012 0.33452782462057334 0.03635788808093582 0.045952782462057334
1 0.8202655706607651 0.3587689713322091 0.0325640214985773 0.021922428330522766
1 0.8118874486247234 0.30333052276559863 0.027189377173569396 0.015598650927487353
1 0.8291179260196017 0.3111298482293423 0.025608599430920014 0.01770657672849916
1 0.8430287701549162 0.33473861720067455 0.03635788808093582 0.04300168634064081
1 0.8729054694909896 0.38406408094435074 0.03351248814416693 0.045531197301854974
1 0.8852355358836548 0.3438026981450253 0.041732532405943726 0.04426644182124789
1 0.9086310464748656 0.3163996627318718 0.032880177047107176 0.023187183811129847
1 0.9072083465064812 0.3849072512647555 0.031931710401517543 0.04384485666104553
1 0.925545368321214 0.3429595278246206 0.03509326588681631 0.045109612141652614
1 0.9451470123300664 0.3815345699831366 0.03699019917799557 0.03962900505902192
1 0.9808725893139425 0.3802698145025295 0.03129939930445779 0.046374367622259695
1 0.9601644008852356 0.3360033726812816 0.0366740436294657 0.0387858347386172
1 0.9815049004110022 0.3155564924114671 0.0325640214985773 0.023187183811129847
1 0.9903572557698388 0.3450674536256324 0.019285488460322478 0.04342327150084317
1 0.9465697122984509 0.30649241146711637 0.03161555485298767 0.016863406408094434
1 0.8708504584255453 0.3145025295109612 0.02877015491621878 0.01854974704890388
1 0.8534619032564021 0.30986509274873525 0.018653177363262725 0.01433389544688027
1 0.009642744230161239 0.4671163575042159 0.019285488460322478 0.03541315345699832
1 0.014701233006639267 0.4957841483979764 0.02877015491621878 0.023608768971332208
1 0.028137843819159025 0.48545531197301856 0.021498577300031615 0.0290893760539629
1 0.036832121403730635 0.519814502529511 0.024343977236800506 0.03372681281618887
1 0.05184950995889978 0.4860876897133221 0.036041732532405946 0.03541315345699832
1 0.08425545368321213 0.48461214165261385 0.023711666139740753 0.03752107925801012
1 0.06607650964274422 0.5181281618887015 0.029086310464748657 0.023608768971332208
1 0.08346506481188745 0.45320404721753793 0.03351248814416693 0.02023608768971332
1 0.1207714195384129 0.4536256323777403 0.030350932658868162 0.021079258010118045
1 0.12377489724944672 0.48355817875210794 0.03382864369269681 0.03288364249578415
1 0.09958899778691116 0.521079258010118 0.034777110338286434 0.04215851602023609
1 0.05169143218463484 0.5575463743676222 0.021814732848561492 0.04342327150084317
1 0.0787227315839393 0.5583895446880269 0.030350932658868162 0.04173693086003373
1 0.11097059753398672 0.5611298482293423 0.030350932658868162 0.03541315345699832
1 0.13736958583623143 0.5196037099494097 0.029402466013278533 0.03499156829679595
1 0.14479924122668353 0.5613406408094435 0.030350932658868162 0.03920741989881956
1 0.15950047423332278 0.47807757166947723 0.04015175466329434 0.03709949409780776
1 0.1779955738223206 0.5109612141652614 0.03920328801770471 0.03288364249578415
1 0.17941827379070502 0.5602866779089376 0.03446095478975656 0.04047217537942664
1 0.23047739487828012 0.4620573355817875 0.022130888397091368 0.03541315345699832
1 0.21166613974075246 0.46311129848229343 0.014859310780904205 0.03583473861720068
1 0.19222257350616503 0.48123946037099496 0.010116977552956055 0.02740303541315346
1 0.21372115080619664 0.5573355817875211 0.03224786595004742 0.04047217537942664
1 0.24802402782168828 0.5573355817875211 0.035725576983876066 0.04215851602023609
1 0.2837496048055643 0.5577571669477235 0.029402466013278533 0.04215851602023609
1 0.315365159658552 0.5583895446880269 0.03129939930445779 0.04342327150084317
1 0.35093265886816316 0.556070826306914 0.0366740436294657 0.047217537942664416
1 0.38760670249762885 0.5543844856661045 0.03414479924122668 0.04384485666104553
1 0.42443882390135945 0.5499578414839797 0.035725576983876066 0.045109612141652614
1 0.40467910211824215 0.5122259696458684 0.038570976920644956 0.050590219224283306
1 0.369269680682896 0.5172849915682968 0.030350932658868162 0.04215851602023609
1 0.33670565918431866 0.5196037099494097 0.032880177047107176 0.03920741989881956
1 0.3017704710717673 0.5204468802698144 0.03635788808093582 0.045109612141652614
1 0.2663610496364211 0.5183389544688027 0.031931710401517543 0.046795952782462055
1 0.23158393929813467 0.5189713322091062 0.03382864369269681 0.04384485666104553
1 0.25529560543787544 0.4814502529510961 0.035725576983876066 0.04131534569983136
1 0.2921277268416061 0.48081787521079256 0.03540942143534619 0.04426644182124789
1 0.32500790388871326 0.48903878583473864 0.028453999367688904 0.03541315345699832
1 0.35551691432184634 0.48355817875210794 0.030034777110338286 0.04131534569983136
1 0.33528295921593426 0.46585160202360876 0.031931710401517543 0.021922428330522766
1 0.3695858362314259 0.4582630691399663 0.028453999367688904 0.022765598650927487
1 0.39108441353145745 0.4776559865092749 0.03730635472652545 0.04215851602023609
1 0.4238065128042997 0.48081787521079256 0.02687322162503952 0.030775716694772345
1 0.43676889029402466 0.5229763912310287 0.021814732848561492 0.024873524451939293
1 0.4415112235219728 0.5092748735244519 0.02118242175150174 0.022765598650927487
1 0.4601644008852355 0.5486930860033726 0.03066708820739804 0.04426644182124789
1 0.4950995889977869 0.5486930860033726 0.03224786595004742 0.040893760539629
1 0.5290863104647486 0.5505902192242833 0.02877015491621878 0.03456998313659359
1 0.5597533986721467 0.5508010118043845 0.02687322162503952 0.03583473861720068
1 0.5915270312993993 0.5567032040472175 0.029086310464748657 0.03752107925801012
1 0.57714195384129 0.5255059021922428 0.026240910527979767 0.03414839797639123
1 0.5434713879228581 0.5185497470489039 0.028453999367688904 0.03541315345699832
1 0.5034777110338287 0.5193929173693086 0.028137843819159025 0.031197301854974706
1 0.4710717673095163 0.5147554806070826 0.028453999367688904 0.031197301854974706
1 0.4886184002529244 0.4884064080944351 0.02877015491621878 0.030775716694772345
1 0.5245020550110654 0.502318718381113 0.026557066076509643 0.03330522765598651
1 0.5629149541574454 0.5004215851602024 0.02687322162503952 0.03709949409780776
1 0.5439456212456528 0.47554806070826305 0.027505532722099272 0.03541315345699832
1 0.510433133101486 0.4734401349072513 0.027505532722099272 0.03456998313659359
1 0.5368321214037306 0.4529932546374368 0.024660132785330382 0.01475548060708263
1 0.5093265886816314 0.4538364249578415 0.020866266202971863 0.012225969645868466
1 0.5773000316155549 0.4928330522765599 0.013278533038254822 0.026981450252951095
1 0.5602276319949415 0.4709106239460371 0.012646221941195067 0.021922428330522766
1 0.5940562756876383 0.5063237774030354 0.01833702181473285 0.023608768971332208
1 0.5921593423964591 0.5193929173693086 0.015175466329434081 0.024451939291736932
1 0.623300663926652 0.5533305227655987 0.03509326588681631 0.04342327150084317
1 0.6610812519759722 0.5529089376053963 0.03414479924122668 0.045952782462057334
1 0.6968068289598482 0.5535413153456998 0.032880177047107176 0.04384485666104553
1 0.7298450837812204 0.554806070826307 0.0325640214985773 0.04384485666104553
1 0.7639898830224471 0.5545952782462057 0.03509326588681631 0.045952782462057334
1 0.7986089155864685 0.5539629005059022 0.03161555485298767 0.04384485666104553
1 0.7772684160607018 0.518760539629005 0.033196332595637056 0.03920741989881956
1 0.7445463167878597 0.5183389544688027 0.030983243755927918 0.03836424957841484
1 0.7089788175782485 0.517495784148398 0.030034777110338286 0.04173693086003373
1 0.6773632627252608 0.5177065767284992 0.03129939930445779 0.03794266441821248
1 0.641005374644325 0.5126475548060708 0.03446095478975656 0.046374367622259695
1 0.6568131520708188 0.4839797639123103 0.03066708820739804 0.03541315345699832
1 0.687322162503952 0.4856661045531197 0.02971862156180841 0.03372681281618887
1 0.7224154283907682 0.48334738617200673 0.030350932658868162 0.04005059021922428
1 0.7532405943724312 0.4867200674536256 0.03066708820739804 0.03752107925801012
1 0.7360101169775529 0.4565767284991568 0.03351248814416693 0.02951096121416526
1 0.7031299399304458 0.4626897133220911 0.02971862156180841 0.040893760539629
1 0.6710401517546632 0.4599494097807757 0.03129939930445779 0.03541315345699832
1 0.6190325640214985 0.48461214165261385 0.02402782168827063 0.03330522765598651
1 0.6187164084729687 0.5101180438448567 0.021498577300031615 0.0387858347386172
1 0.6422699968384445 0.4664839797639123 0.022447043945621244 0.02065767284991568
1 0.6452734745494784 0.4546795952782462 0.024660132785330382 0.01981450252951096
1 0.8316471704078406 0.5489038785834739 0.03635788808093582 0.03035413153456998
1 0.8365475814100537 0.512858347386172 0.03351248814416693 0.024873524451939293
1 0.8503003477711034 0.49177908937605397 0.03066708820739804 0.03330522765598651
1 0.8246917483401833 0.4633220910623946 0.028137843819159025 0.03625632377740304
1 0.8156813152070819 0.4974704890387858 0.01833702181473285 0.02782462057335582
1 0.8496680366740437 0.456787521079258 0.033196332595637056 0.030775716694772345
1 0.8789124249130572 0.4690134907251265 0.0366740436294657 0.04173693086003373
1 0.8831805248182105 0.5113827993254637 0.04773948782801138 0.045531197301854974
1 0.9149541574454632 0.46585160202360876 0.0379386658235852 0.048060708263069137
1 0.9141637685741385 0.6486087689713322 0.03699019917799557 0.045952782462057334
1 0.9196964906734113 0.684654300168634 0.030983243755927918 0.04384485666104553
1 0.9320265570660765 0.7078414839797639 0.03161555485298767 0.031197301854974706
1 0.9472020233955106 0.7352445193929174 0.043629465697122984 0.05227655986509275
1 0.9535251343661081 0.6473440134907251 0.0379386658235852 0.05354131534569983
1 0.953841289914638 0.6895025295109612 0.043629465697122984 0.045109612141652614
1 0.987353778058805 0.6359612141652614 0.023395510591210877 0.03836424957841484
1 0.0030034777110338287 0.8172428330522765 0.004110022130888397 0.02824620573355818
1 0.013910844135314574 0.8045952782462057 0.02276319949415112 0.021500843170320406
1 0.04015175466329434 0.8033305227655987 0.028453999367688904 0.01897133220910624
1 0.06338918748024028 0.8145025295109612 0.015491621877963959 0.03962900505902192
1 0.08283275371482769 0.8338954468802698 0.029086310464748657 0.045531197301854974
1 0.09595320897881758 0.8077571669477235 0.01991779955738223 0.022765598650927487
1 0.019759721783117294 0.8543423271500843 0.03382864369269681 0.049325463743676225
1 0.13088839709136896 0.8619308600337268 0.04489408789124249 0.05185497470489039
1 0.09626936452734745 0.8897554806070826 0.03509326588681631 0.04005059021922428
1 0.03699019917799557 0.8977655986509275 0.04046791021182422 0.045952782462057334
1 0.010433133101485931 0.9302276559865092 0.017704710717673097 0.0678752107925801
1 0.07477078722731584 0.9192664418212478 0.05406259879860892 0.05269814502529511
1 0.1228264306038571 0.9430860033726813 0.04015175466329434 0.03541315345699832
1 0.1405311413215302 0.9032462057335582 0.04837179892507114 0.048482293423271504
1 0.17530825165981662 0.9319139966273187 0.038887132469174836 0.06871838111298482
1 0.17246285172304773 0.831787521079258 0.028137843819159025 0.0387858347386172
1 0.2007587733164717 0.8218802698145026 0.02971862156180841 0.040893760539629
1 0.176889029402466 0.8058600337268128 0.025608599430920014 0.024030354131534568
1 0.23190009484666455 0.8419055649241147 0.03382864369269681 0.05480607082630692
1 0.26651912741068606 0.845699831365936 0.027189377173569396 0.0387858347386172
1 0.2976604489408789 0.8429595278246206 0.030034777110338286 0.04426644182124789
1 0.39819791337337973 0.8467537942664418 0.027505532722099272 0.045109612141652614
1 0.24312361681947517 0.8682546374367622 0.029086310464748657 0.040893760539629
1 0.2810622826430604 0.8688870151770658 0.029086310464748657 0.03372681281618887
1 0.3330698703762251 0.8467537942664418 0.030034777110338286 0.03920741989881956
1 0.2181473284856149 0.9340219224283305 0.038570976920644956 0.05354131534569983
1 0.2571925387290547 0.9222175379426644 0.03951944356623459 0.049325463743676225
1 0.29607967119822953 0.9131534569983136 0.03635788808093582 0.048060708263069137
1 0.3389187480240278 0.9173693086003373 0.04110022130888397 0.06155143338954469
1 0.3831805248182106 0.9129426644182125 0.02971862156180841 0.0678752107925801
1 0.5483717989250712 0.9466694772344013 0.03129939930445779 0.05691399662731872
1 0.602592475497945 0.9390809443507588 0.038570976920644956 0.07293423271500843
1 0.6429023079355043 0.9435075885328836 0.03509326588681631 0.06829679595278246
1 0.6395826746759405 0.8722596964586846 0.032880177047107176 0.07925801011804384
1 0.5012646221941195 0.8625632377740303 0.03066708820739804 0.07588532883642496
1 0.4707556117609864 0.8631956155143339 0.030983243755927918 0.06281618887015177
1 0.42981346822636735 0.8638279932546374 0.03762251027505533 0.0775716694772344
1 0.5695542206765729 0.8180860033726813 0.028137843819159025 0.03836424957841484
1 0.6906417957635157 0.8111298482293423 0.03382864369269681 0.02951096121416526
1 0.6647170407840658 0.8486509274873525 0.031931710401517543 0.03288364249578415
1 0.7070818842870692 0.8149241146711635 0.028137843819159025 0.03962900505902192
1 0.7021814732848561 0.8427487352445194 0.030350932658868162 0.022765598650927487
1 0.6865317736326273 0.8655143338954469 0.03446095478975656 0.026981450252951095
1 0.6800505848877648 0.9293844856661045 0.034777110338286434 0.056070826306914
1 0.6960164400885236 0.8916526138279932 0.03635788808093582 0.04468802698145025
1 0.7198861840025292 0.9338111298482293 0.03920328801770471 0.05143338954468803
1 0.7417009168510907 0.9093591905564924 0.049320265570660764 0.04468802698145025
1 0.7481821055959532 0.8800590219224284 0.04521024343977237 0.04426644182124789
1 0.7552956054378754 0.8172428330522765 0.0366740436294657 0.03836424957841484
1 0.7445463167878597 0.8427487352445194 0.036041732532405946 0.02951096121416526
1 0.7660448940878912 0.9397133220910624 0.03414479924122668 0.05564924114671164
1 0.78201074928865 0.8962900505902193 0.028137843819159025 0.048060708263069137
1 0.8065128042997155 0.93570826306914 0.036041732532405946 0.05185497470489039
1 0.6754663294340816 0.9782883642495784 0.030034777110338286 0.04005059021922428
1 0.7183054062598798 0.9814502529510961 0.023395510591210877 0.03541315345699832
1 0.7709453050901043 0.9791315345699831 0.03382864369269681 0.04005059021922428
1 0.8012962377489725 0.9808178752107926 0.018020866266202973 0.0366779089376054
1 0.8117293708504584 0.8648819561551433 0.03446095478975656 0.051011804384485666
1 0.8261144483085678 0.9175801011804384 0.03414479924122668 0.045109612141652614
1 0.8420803035093266 0.9565767284991569 0.03509326588681631 0.046374367622259695
1 0.843503003477711 0.8494940978077572 0.04046791021182422 0.02782462057335582
1 0.8142586152386975 0.815345699831366 0.04521024343977237 0.03204047217537943
1 0.8540942143534619 0.8908094435075885 0.0420486879544736 0.049747048903878585
1 0.8610496364211192 0.9289629005059022 0.03446095478975656 0.03330522765598651
1 0.0869427758457161 0.25484822934232715 0.008852355358836548 0.00463743676222597
1 0.8719570028453999 0.5562816188870152 0.0379386658235852 0.045109612141652614
1 0.9122668352829593 0.5579679595278246 0.03382864369269681 0.04173693086003373
1 0.9264938349668037 0.5185497470489039 0.03129939930445779 0.03625632377740304
1 0.9427758457160923 0.4926222596964587 0.02971862156180841 0.03414839797639123
1 0.9405627568763831 0.4618465430016863 0.01707239962061334 0.031618887015177066
1 0.9675940562756876 0.45446880269814505 0.038887132469174836 0.026981450252951095
1 0.979449889345558 0.48545531197301856 0.038570976920644956 0.04005059021922428
1 0.9939930445779324 0.46479763912310285 0.010116977552956055 0.024873524451939293
1 0.9490989566866899 0.554806070826307 0.0366740436294657 0.04384485666104553
1 0.966803667404363 0.5248735244519392 0.032880177047107176 0.03541315345699832
1 0.9851406892190958 0.5571247892074199 0.026557066076509643 0.047639123102866776
1 0.9932026557066076 0.5179173693086003 0.012330066392665191 0.025716694772344013
1 0.8809674359785015 0.6637858347386172 0.03446095478975656 0.046795952782462055
1 0.8463484034144799 0.6473440134907251 0.034777110338286434 0.04005059021922428
1 0.8504584255453683 0.681070826306914 0.044261776794182736 0.040893760539629
1 0.8877647802718938 0.7051011804384486 0.034777110338286434 0.05522765598650928
1 0.8559911476446411 0.7200674536256324 0.04521024343977237 0.05227655986509275
0 0.03872905469490989 0.8311551433389545 0.040784065760354093 0.03920741989881956
1 0.8096743597850142 0.6947723440134908 0.03730635472652545 0.05227655986509275
1 0.8125197597217831 0.6502951096121417 0.034777110338286434 0.03920741989881956
0 0.06544419854568448 0.8676222596964587 0.03224786595004742 0.04047217537942664
1 0.7816945937401202 0.6854974704890388 0.02118242175150174 0.04215851602023609
0 0.12709453050901043 0.8149241146711635 0.04236484350300348 0.04384485666104553
1 0.7801138159974708 0.6412310286677909 0.02687322162503952 0.047217537942664416
1 0.7496048055643376 0.6814924114671164 0.032880177047107176 0.04426644182124789
1 0.751343661081252 0.6536677908937606 0.0325640214985773 0.02824620573355818
1 0.7567183054062598 0.7274451939291737 0.03762251027505533 0.046795952782462055
1 0.715301928548846 0.7295531197301856 0.031931710401517543 0.051011804384485666
1 0.7092949731267784 0.6766441821247892 0.031931710401517543 0.048060708263069137
1 0.6773632627252608 0.7299747048903878 0.030034777110338286 0.050168634064080946
1 0.6759405627568764 0.6831787521079258 0.024660132785330382 0.040893760539629
1 0.9876699336073348 0.6779089376053963 0.020866266202971863 0.04215851602023609
1 0.6422699968384445 0.7228077571669477 0.02877015491621878 0.05438448566610455
1 0.6092317420170724 0.7270236087689713 0.02592475497944989 0.045952782462057334
1 0.6449573190009484 0.6667369308600337 0.02971862156180841 0.050168634064080946
1 0.6131836863736959 0.6758010118043845 0.02687322162503952 0.046374367622259695
1 0.6644008852355359 0.6287942664418212 0.027505532722099272 0.024873524451939293
1 0.6331014859310781 0.6300590219224284 0.027505532722099272 0.01981450252951096
1 0.574138476130256 0.7299747048903878 0.02971862156180841 0.03920741989881956
1 0.5749288650015808 0.681070826306914 0.028137843819159025 0.04173693086003373
1 0.5395194435662346 0.6802276559865092 0.02877015491621878 0.046795952782462055
1 0.5390452102434398 0.7274451939291737 0.02971862156180841 0.049325463743676225
1 0.5030034777110338 0.7274451939291737 0.028453999367688904 0.05354131534569983
1 0.5072715776161871 0.6760118043844857 0.028137843819159025 0.046795952782462055
1 0.47122984508378124 0.7204890387858347 0.02687322162503952 0.05311973018549747
1 0.47138792285804615 0.6707419898819561 0.02971862156180841 0.048060708263069137
1 0.43582042364843504 0.7228077571669477 0.031931710401517543 0.051011804384485666
1 0.438349668036674 0.6734822934232715 0.030034777110338286 0.04258010118043845
1 0.4027821688270629 0.6696880269814502 0.03224786595004742 0.046795952782462055
1 0.39756560227631993 0.7215430016863407 0.03066708820739804 0.050168634064080946
1 0.37527663610496365 0.6779089376053963 0.025292443882390134 0.050590219224283306
1 0.3643692696806829 0.7253372681281619 0.028137843819159025 0.04342327150084317
1 0.3392349035725577 0.6728499156829679 0.03414479924122668 0.049747048903878585
1 0.3278533038254821 0.7209106239460371 0.032880177047107176 0.05227655986509275
1 0.30429971546000634 0.6753794266441822 0.03066708820739804 0.04215851602023609
1 0.2914954157445463 0.7181703204047217 0.030983243755927918 0.045952782462057334
1 0.29497312677837495 0.6475548060708263 0.026557066076509643 0.024451939291736932
1 0.34903572557698387 0.6368043844856661 0.027189377173569396 0.016441821247892074
1 0.2548213721150806 0.7181703204047217 0.032880177047107176 0.049325463743676225
1 0.26240910527979766 0.678752107925801 0.036041732532405946 0.04215851602023609
1 0.21403730635472654 0.7154300168634065 0.04110022130888397 0.05649241146711636
1 0.21957002845399937 0.6747470489038786 0.04331331014859311 0.03920741989881956
1 0.1779955738223206 0.7023608768971332 0.027821688270629148 0.03625632377740304
1 0.13452418589946252 0.7244940978077572 0.04331331014859311 0.047639123102866776
1 0.1417957635156497 0.6836003372681282 0.03951944356623459 0.04342327150084317
1 0.09437243123616819 0.7217537942664418 0.03699019917799557 0.048060708263069137
1 0.10148593107809042 0.6836003372681282 0.0366740436294657 0.040893760539629
1 0.04979449889345558 0.7253372681281619 0.04521024343977237 0.050168634064080946
1 0.05833069870376225 0.6808600337268128 0.04015175466329434 0.03794266441821248
1 0.013594688586784698 0.7221753794266442 0.02592475497944989 0.045531197301854974
1 0.01833702181473285 0.6823355817875211 0.0366740436294657 0.03920741989881956
1 0.009642744230161239 0.6545109612141653 0.019285488460322478 0.02993254637436762
1 0.051059121087575085 0.6557757166947723 0.0325640214985773 0.024873524451939293
1 0.03920328801770471 0.836424957841484 0.03730635472652545 0.05564924114671164
1 0.06607650964274422 0.8682546374367622 0.02971862156180841 0.04173693086003373
1 0.12914954157445463 0.8123946037099494 0.04394562124565286 0.03709949409780776
1 0.19079987353778058 0.8766863406408094 0.038887132469174836 0.047639123102866776
1 0.29449889345558017 0.9553119730185498 0.03699019917799557 0.03456998313659359
1 0.33370218147328484 0.9702782462057336 0.03066708820739804 0.04342327150084317
1 0.3792285804615871 0.968381112984823 0.03066708820739804 0.04300168634064081
1 0.4187480240278217 0.9407672849915683 0.03066708820739804 0.07040472175379427
1 0.46474865633891876 0.9354974704890388 0.032880177047107176 0.07419898819561552
1 0.4361365791969649 0.8117622259696459 0.031931710401517543 0.03836424957841484
1 0.527979766044894 0.8800590219224284 0.0366740436294657 0.06365935919055649
1 0.5080619664875119 0.9390809443507588 0.030983243755927918 0.06703204047217538
1 0.5693961429023079 0.8766863406408094 0.03540942143534619 0.07377740303541315
1 0.6011697755295605 0.8657251264755481 0.03825482137211508 0.07546374367622259
1 0.6498577300031616 0.820193929173693 0.02877015491621878 0.03499156829679595
1 0.6221941195067974 0.8134485666104553 0.025292443882390134 0.030775716694772345
1 0.8853936136579197 0.8602445193929174 0.033196332595637056 0.049325463743676225
1 0.9046791021182422 0.8233558178752108 0.03762251027505533 0.03541315345699832
1 0.9472020233955106 0.8279932546374368 0.038570976920644956 0.03456998313659359
1 0.9862472336389504 0.8271500843170321 0.024976288333860258 0.03541315345699832
1 0.9712298450837812 0.8585581787521079 0.034777110338286434 0.02993254637436762
1 0.9264938349668037 0.8716273187183811 0.040784065760354093 0.050168634064080946
1 0.9089472020233955 0.9167369308600337 0.038570976920644956 0.05438448566610455
1 0.9451470123300664 0.9411888701517707 0.024976288333860258 0.047639123102866776
1 0.8940878912424913 0.9551011804384486 0.04679102118242175 0.031618887015177066
1 0.959057856465381 0.8952360876897133 0.027505532722099272 0.048482293423271504
1 0.9822952892823269 0.9371838111298483 0.03161555485298767 0.04468802698145025
0 0.10116977552956054 0.27171163575042157 0.03540942143534619 0.013069139966273187
0 0.2848561492254189 0.27445193929173695 0.03161555485298767 0.01517706576728499
0 0.48703762251027505 0.2738195615514334 0.03762251027505533 0.01475548060708263
0 0.6843186847929181 0.2727655986509275 0.04394562124565286 0.01433389544688027
0 0.9211191906417958 0.27171163575042157 0.03382864369269681 0.013069139966273187
0 0.9249130572241543 0.42622259696458686 0.03446095478975656 0.01517706576728499
0 0.502529244388239 0.4266441821247892 0.03951944356623459 0.01770657672849916
0 0.11049636421119191 0.42959527824620575 0.03509326588681631 0.0193929173693086
0 0.11270945305090105 0.6070826306913997 0.04015175466329434 0.023608768971332208
0 0.633417641479608 0.6024451939291737 0.04268099905153335 0.021079258010118045
0 0.9366108125197598 0.6053962900505903 0.03635788808093582 0.022765598650927487
0 0.9498893455580145 0.7883642495784149 0.035725576983876066 0.021922428330522766
0 0.49114764464116345 0.7875210792580101 0.03951944356623459 0.022765598650927487
0 0.4146380018969333 0.7799325463743676 0.03762251027505533 0.01770657672849916
0 0.21735693961429023 0.7820404721753794 0.041416376857413846 0.0193929173693086
0 0.0 0.5649241146711635 0.0 0.0
