1 0.870625 0.6035 0.07775 0.13833333333333334
0 0.984 0.4395 0.0315 0.037
0 0.902375 0.4395 0.04825 0.03766666666666667
0 0.822875 0.4435 0.04975 0.035666666666666666
0 0.285875 0.43866666666666665 0.07475 0.05
1 0.68575 0.6378333333333334 0.0875 0.11766666666666667
1 0.812375 0.6161666666666666 0.08575 0.12566666666666668
1 0.37625 0.6466666666666666 0.078 0.15866666666666668
0 0.8545 0.7026666666666667 0.0525 0.03866666666666667
1 0.088875 0.021166666666666667 0.06875 0.041666666666666664
1 0.16825 0.03866666666666667 0.0645 0.07733333333333334
1 0.238 0.042333333333333334 0.062 0.08466666666666667
1 0.308625 0.04883333333333333 0.06975 0.095
1 0.374 0.051833333333333335 0.057 0.10366666666666667
1 0.66925 0.07083333333333333 0.0615 0.141
1 0.717 0.075 0.0505 0.14066666666666666
1 0.767875 0.078 0.06075 0.15466666666666667
1 0.845375 0.124 0.05775 0.07866666666666666
1 0.9005 0.1235 0.068 0.095
1 0.956875 0.11583333333333333 0.08525 0.13033333333333333
1 0.973625 0.3338333333333333 0.05175 0.129
1 0.934625 0.338 0.13075 0.16
1 0.56975 0.8218333333333333 0.152 0.083
1 0.57025 0.5675 0.0 0.0003333333333333333
1 0.92075 0.603 0.0565 0.13
0 0.64175 0.7278333333333333 0.06 0.044333333333333336
1 0.182875 0.6356666666666667 0.13525 0.204
0 0.501625 0.1405 0.06175 0.04833333333333333
0 0.12675 0.43516666666666665 0.0805 0.050333333333333334
0 0.99325 0.6813333333333333 0.0125 0.032
0 0.3755 0.7555 0.0665 0.04633333333333333
0 0.9945 0.9661666666666666 0.0105 0.029666666666666668
1 0.023875 0.0155 0.04725 0.029666666666666668
1 0.978125 0.8265 0.04275 0.13566666666666666
1 0.053375 0.642 0.10425 0.21933333333333332
0 0.59275 0.43966666666666665 0.0605 0.04
0 0.8575 0.9911666666666666 0.054 0.017
1 0.76075 0.3393333333333333 0.126 0.158
1 0.674 0.33516666666666667 0.1225 0.165
1 0.770875 0.8725 0.09875 0.21366666666666667
1 0.844125 0.8351666666666666 0.05725 0.18366666666666667
1 0.301 0.6503333333333333 0.087 0.15666666666666668
1 0.456375 0.6511666666666667 0.08725 0.137
1 0.614375 0.6313333333333333 0.09675 0.144
1 0.757 0.6225 0.0745 0.12833333333333333
0 0.1445 0.096 0.077 0.05533333333333333
0 0.265875 0.112 0.07175 0.054
0 0.3985 0.12816666666666668 0.0655 0.051
1 0.42975 0.3185 0.133 0.18966666666666668
1 0.2895 0.30316666666666664 0.154 0.22033333333333333
1 0.156625 0.33316666666666667 0.16275 0.15366666666666667
1 0.042 0.33516666666666667 0.08 0.13766666666666666
1 0.236 0.9293333333333333 0.155 0.14066666666666666
1 0.35925 0.9261666666666667 0.1045 0.147
0 0.618375 0.15283333333333332 0.05825 0.04766666666666667
0 0.7285 0.168 0.0535 0.043333333333333335
0 0.884125 0.18483333333333332 0.04575 0.04033333333333333
0 0.0565 0.7895 0.083 0.053
1 0.513625 0.06066666666666667 0.06025 0.12133333333333333
1 0.61425 0.06716666666666667 0.05 0.13366666666666666
1 0.562125 0.32233333333333336 0.12125 0.19333333333333333
1 0.08625 0.9023333333333333 0.1535 0.19533333333333333
1 0.47725 0.893 0.1505 0.21133333333333335
1 0.54525 0.6458333333333334 0.0975 0.12633333333333333
1 0.95725 0.5971666666666666 0.051 0.13433333333333333
1 0.84825 0.3343333333333333 0.1235 0.16866666666666666
1 0.8855 0.13266666666666665 0.035 0.07066666666666667
1 0.448125 0.05683333333333333 0.06125 0.113
1 0.570125 0.06533333333333333 0.05525 0.12933333333333333
1 0.6925 0.891 0.1285 0.21733333333333332
1 0.99025 0.6008333333333333 0.019 0.12166666666666667
1 0.584375 0.9265 0.12075 0.14633333333333334
1 0.91725 0.825 0.127 0.182
