1 0.9837962962962963 0.0498046875 0.03125 0.09266493055555555
1 0.9442997685185185 0.05164930555555555 0.04369212962962963 0.08940972222222222
1 0.8978587962962963 0.050130208333333336 0.04513888888888889 0.08984375
1 0.8499710648148148 0.048828125 0.04658564814814815 0.08940972222222222
1 0.8016493055555556 0.04774305555555555 0.044849537037037035 0.08854166666666667
1 0.7530381944444444 0.048177083333333336 0.04832175925925926 0.08854166666666667
1 0.7039930555555556 0.048394097222222224 0.047453703703703706 0.0881076388888889
1 0.6546585648148148 0.049153645833333336 0.049479166666666664 0.08745659722222222
1 0.6066261574074074 0.05392795138888889 0.044849537037037035 0.08745659722222222
1 0.5580150462962963 0.048285590277777776 0.048900462962962965 0.08832465277777778
1 0.5065104166666666 0.046223958333333336 0.05005787037037037 0.08897569444444445
1 0.4564525462962963 0.046332465277777776 0.04716435185185185 0.0896267361111111
1 0.4068287037037037 0.045572916666666664 0.04918981481481482 0.08897569444444445
1 0.3572048611111111 0.046223958333333336 0.04774305555555555 0.08940972222222222
1 0.30714699074074076 0.04503038194444445 0.049479166666666664 0.08832465277777778
1 0.25593171296296297 0.044487847222222224 0.048900462962962965 0.0876736111111111
1 0.20688657407407407 0.04503038194444445 0.047453703703703706 0.08875868055555555
1 0.15653935185185186 0.044596354166666664 0.050347222222222224 0.08875868055555555
1 0.10561342592592593 0.045572916666666664 0.048032407407407406 0.09114583333333333
1 0.055121527777777776 0.04568142361111111 0.049479166666666664 0.09136284722222222
1 0.014467592592592593 0.0458984375 0.027777777777777776 0.09092881944444445
1 0.9852430555555556 0.1408420138888889 0.029513888888888888 0.0881076388888889
1 0.9482060185185185 0.1408420138888889 0.04282407407407408 0.08680555555555555
1 0.9016203703703703 0.14051649305555555 0.045717592592592594 0.08702256944444445
1 0.8524305555555556 0.13953993055555555 0.047453703703703706 0.08897569444444445
1 0.8038194444444444 0.13953993055555555 0.04513888888888889 0.0915798611111111
1 0.7549189814814815 0.13834635416666666 0.046875 0.09049479166666667
1 0.7047164351851852 0.1384548611111111 0.04716435185185185 0.08984375
1 0.6555266203703703 0.1381293402777778 0.04658564814814815 0.08875868055555555
1 0.6079282407407407 0.14095052083333334 0.04456018518518518 0.08528645833333333
1 0.5593171296296297 0.138671875 0.046875 0.08637152777777778
1 0.5070891203703703 0.13802083333333334 0.049479166666666664 0.09027777777777778
1 0.4576099537037037 0.1374782986111111 0.04600694444444445 0.09136284722222222
1 0.4079861111111111 0.13736979166666666 0.048032407407407406 0.09114583333333333
1 0.35749421296296297 0.13758680555555555 0.049479166666666664 0.09071180555555555
1 0.3070023148148148 0.13639322916666666 0.048032407407407406 0.09223090277777778
1 0.25636574074074076 0.13563368055555555 0.04918981481481482 0.09244791666666667
1 0.20558449074074073 0.1362847222222222 0.048900462962962965 0.09114583333333333
1 0.15480324074074073 0.1369357638888889 0.048032407407407406 0.09114583333333333
1 0.10402199074074074 0.1372612847222222 0.048900462962962965 0.0900607638888889
1 0.05309606481481482 0.1384548611111111 0.05005787037037037 0.09071180555555555
1 0.013310185185185185 0.1376953125 0.02662037037037037 0.0900607638888889
1 0.9869791666666666 0.2772352430555556 0.026041666666666668 0.09049479166666667
1 0.9483506944444444 0.2774522569444444 0.04774305555555555 0.0900607638888889
1 0.8998842592592593 0.2779947916666667 0.04513888888888889 0.09071180555555555
1 0.8541666666666666 0.2784288194444444 0.04282407407407408 0.09114583333333333
1 0.8081597222222222 0.2756076388888889 0.046296296296296294 0.0915798611111111
1 0.7602719907407407 0.2751736111111111 0.04600694444444445 0.09244791666666667
1 0.7123842592592593 0.2749565972222222 0.04976851851851852 0.09375
1 0.6623263888888888 0.2748480902777778 0.047453703703703706 0.0935329861111111
1 0.6131365740740741 0.2759331597222222 0.048032407407407406 0.09440104166666667
1 0.5630787037037037 0.2763671875 0.04861111111111111 0.0935329861111111
1 0.5122974537037037 0.2759331597222222 0.04774305555555555 0.0935329861111111
1 0.46021412037037035 0.2756076388888889 0.05063657407407408 0.09288194444444445
1 0.40986689814814814 0.2751736111111111 0.04658564814814815 0.09288194444444445
1 0.36038773148148145 0.2754991319444444 0.04716435185185185 0.0935329861111111
1 0.3107638888888889 0.2761501736111111 0.048032407407407406 0.09309895833333333
1 0.2608506944444444 0.2764756944444444 0.04832175925925926 0.09288194444444445
1 0.21108217592592593 0.2762586805555556 0.04832175925925926 0.09288194444444445
1 0.17274305555555555 0.2854817708333333 0.02546296296296296 0.08832465277777778
1 0.13252314814814814 0.2765842013888889 0.052083333333333336 0.09309895833333333
1 0.9869791666666666 0.3682725694444444 0.02488425925925926 0.09071180555555555
1 0.9499421296296297 0.3681640625 0.046875 0.0896267361111111
1 0.9019097222222222 0.3694661458333333 0.046296296296296294 0.09049479166666667
1 0.8557581018518519 0.3684895833333333 0.04369212962962963 0.0876736111111111
1 0.8097511574074074 0.3679470486111111 0.04600694444444445 0.09049479166666667
1 0.76171875 0.3680555555555556 0.04716435185185185 0.09071180555555555
1 0.7126736111111112 0.369140625 0.04861111111111111 0.09244791666666667
1 0.6630497685185185 0.3687065972222222 0.04832175925925926 0.09288194444444445
1 0.6134259259259259 0.3697916666666667 0.048032407407407406 0.0915798611111111
1 0.5636574074074074 0.3702256944444444 0.048032407407407406 0.0920138888888889
1 0.5140335648148148 0.3700086805555556 0.048900462962962965 0.09244791666666667
1 0.46238425925925924 0.3697916666666667 0.04976851851851852 0.09375
1 0.4117476851851852 0.3696831597222222 0.046296296296296294 0.0935329861111111
1 0.3624131944444444 0.3697916666666667 0.04832175925925926 0.09375
1 0.31278935185185186 0.3700086805555556 0.048032407407407406 0.09288194444444445
1 0.2625868055555556 0.3703342013888889 0.048900462962962965 0.09309895833333333
1 0.21180555555555555 0.3702256944444444 0.04918981481481482 0.09244791666666667
1 0.1724537037037037 0.3740234375 0.02546296296296296 0.0857204861111111
1 0.13252314814814814 0.3707682291666667 0.052083333333333336 0.09266493055555555
1 0.07769097222222222 0.3694661458333333 0.053530092592592594 0.09440104166666667
1 0.02459490740740741 0.3693576388888889 0.04861111111111111 0.09418402777777778
1 0.9879918981481481 0.5009765625 0.024016203703703703 0.087890625
1 0.9513888888888888 0.5009765625 0.04513888888888889 0.08875868055555555
1 0.9039351851851852 0.5011935763888888 0.047453703703703706 0.0900607638888889
1 0.8561921296296297 0.501953125 0.046296296296296294 0.09027777777777778
1 0.8080150462962963 0.5023871527777778 0.044270833333333336 0.09027777777777778
1 0.7608506944444444 0.5027126736111112 0.04774305555555555 0.0900607638888889
1 0.7107928240740741 0.5030381944444444 0.048900462962962965 0.09071180555555555
1 0.6636284722222222 0.5033637152777778 0.04311342592592592 0.0900607638888889
1 0.6167534722222222 0.5033637152777778 0.04716435185185185 0.09049479166666667
1 0.5700231481481481 0.5052083333333334 0.043402777777777776 0.08940972222222222
1 0.5227141203703703 0.5050998263888888 0.04716435185185185 0.0900607638888889
1 0.4739583333333333 0.5054253472222222 0.047453703703703706 0.08984375
1 0.42563657407407407 0.5059678819444444 0.046875 0.0900607638888889
1 0.37644675925925924 0.5062934027777778 0.048032407407407406 0.09027777777777778
1 0.3268229166666667 0.5066189236111112 0.04774305555555555 0.09049479166666667
1 0.27719907407407407 0.5066189236111112 0.048032407407407406 0.09136284722222222
1 0.22887731481481483 0.5072699652777778 0.04456018518518518 0.09092881944444445
1 0.17954282407407407 0.5078125 0.049479166666666664 0.09071180555555555
1 0.1271701388888889 0.5080295138888888 0.051215277777777776 0.09375
1 0.07899305555555555 0.5087890625 0.04224537037037037 0.09136284722222222
1 0.031828703703703706 0.5088975694444444 0.04918981481481482 0.09244791666666667
1 0.9914641203703703 0.59375 0.01707175925925926 0.09418402777777778
1 0.9561631944444444 0.5927734375 0.04600694444444445 0.0935329861111111
1 0.9071180555555556 0.5939670138888888 0.047453703703703706 0.09375
1 0.8586516203703703 0.5946180555555556 0.04658564814814815 0.09244791666666667
1 0.8114872685185185 0.5951605902777778 0.044270833333333336 0.0935329861111111
1 0.7635995370370371 0.5958116319444444 0.048032407407407406 0.09440104166666667
1 0.7138310185185185 0.5962456597222222 0.04861111111111111 0.0939670138888889
1 0.6668113425925926 0.5963541666666666 0.042534722222222224 0.09375
1 0.6202256944444444 0.5974392361111112 0.04774305555555555 0.09635416666666667
1 0.5716145833333334 0.5968967013888888 0.044270833333333336 0.09266493055555555
1 0.5244502314814815 0.5983072916666666 0.04716435185185185 0.09375
1 0.4749710648148148 0.5984157986111112 0.04832175925925926 0.0939670138888889
1 0.42578125 0.599609375 0.04716435185185185 0.09461805555555555
1 0.37688078703703703 0.6001519097222222 0.04832175925925926 0.09483506944444445
1 0.32624421296296297 0.6005859375 0.048900462962962965 0.09483506944444445
1 0.2760416666666667 0.6010199652777778 0.047453703703703706 0.09526909722222222
1 0.22800925925925927 0.6010199652777778 0.045717592592592594 0.09440104166666667
1 0.1792534722222222 0.6021050347222222 0.048900462962962965 0.09613715277777778
1 0.12659143518518517 0.6041666666666666 0.05295138888888889 0.09635416666666667
1 0.07740162037037036 0.6030815972222222 0.04137731481481482 0.0954861111111111
1 0.029513888888888888 0.6039496527777778 0.05092592592592592 0.09635416666666667
1 0.9914641203703703 0.7256944444444444 0.01707175925925926 0.09635416666666667
1 0.9592013888888888 0.7250434027777778 0.04282407407407408 0.09678819444444445
1 0.9120370370370371 0.7272135416666666 0.04861111111111111 0.09852430555555555
1 0.8625578703703703 0.7273220486111112 0.047453703703703706 0.09830729166666667
1 0.8122106481481481 0.7277560763888888 0.047453703703703706 0.09830729166666667
1 0.7634548611111112 0.7278645833333334 0.04716435185185185 0.09852430555555555
1 0.7126736111111112 0.7279730902777778 0.04918981481481482 0.095703125
1 0.6644965277777778 0.7273220486111112 0.044270833333333336 0.09440104166666667
1 0.6184895833333334 0.7294921875 0.044849537037037035 0.09657118055555555
1 0.5701678240740741 0.7318793402777778 0.04832175925925926 0.099609375
1 0.5209780092592593 0.7313368055555556 0.04600694444444445 0.09461805555555555
1 0.4739583333333333 0.7317708333333334 0.046875 0.09895833333333333
1 0.42476851851851855 0.7331814236111112 0.046875 0.09657118055555555
1 0.3776041666666667 0.7325303819444444 0.04456018518518518 0.0935329861111111
1 0.328125 0.7353515625 0.04918981481481482 0.09657118055555555
1 0.27719907407407407 0.7360026041666666 0.04861111111111111 0.1017795138888889
1 0.2261284722222222 0.7408854166666666 0.049479166666666664 0.10460069444444445
1 0.1763599537037037 0.7400173611111112 0.04774305555555555 0.1032986111111111
1 0.12094907407407407 0.7437065972222222 0.05150462962962963 0.10460069444444445
1 0.06886574074074074 0.7434895833333334 0.04976851851851852 0.10503472222222222
1 0.02141203703703704 0.7424045138888888 0.04224537037037037 0.10416666666666667
1 0.9923321759259259 0.8206380208333334 0.013020833333333334 0.09049479166666667
1 0.9619502314814815 0.8204210069444444 0.044849537037037035 0.091796875
1 0.9144965277777778 0.8234592013888888 0.04716435185185185 0.09136284722222222
1 0.8655960648148148 0.8238932291666666 0.04716435185185185 0.09309895833333333
1 0.81640625 0.8246527777777778 0.04658564814814815 0.09288194444444445
1 0.7670717592592593 0.826171875 0.04976851851851852 0.09505208333333333
1 0.7155671296296297 0.8241102430555556 0.04861111111111111 0.09440104166666667
1 0.6666666666666666 0.8216145833333334 0.04456018518518518 0.09288194444444445
1 0.6206597222222222 0.826171875 0.04513888888888889 0.09244791666666667
1 0.5724826388888888 0.8306206597222222 0.04832175925925926 0.09526909722222222
1 0.5238715277777778 0.8269314236111112 0.04369212962962963 0.09266493055555555
1 0.4749710648148148 0.8299696180555556 0.048900462962962965 0.09440104166666667
1 0.4249131944444444 0.8291015625 0.04716435185185185 0.09266493055555555
1 0.3776041666666667 0.8271484375 0.04398148148148148 0.09309895833333333
1 0.3297164351851852 0.8311631944444444 0.048900462962962965 0.09288194444444445
1 0.27748842592592593 0.8352864583333334 0.050347222222222224 0.09418402777777778
1 0.22554976851851852 0.8423394097222222 0.05005787037037037 0.09613715277777778
1 0.17578125 0.8408203125 0.04600694444444445 0.09440104166666667
1 0.12152777777777778 0.8455946180555556 0.05497685185185185 0.095703125
1 0.06799768518518519 0.8449435763888888 0.047453703703703706 0.09309895833333333
1 0.02228009259259259 0.8432074652777778 0.041666666666666664 0.09309895833333333
1 0.9813368055555556 0.9547526041666666 0.03501157407407408 0.08832465277777778
1 0.9359085648148148 0.9563802083333334 0.05179398148148148 0.08550347222222222
1 0.8859953703703703 0.9569227430555556 0.041666666666666664 0.08355034722222222
1 0.8382523148148148 0.9577907986111112 0.04918981481481482 0.0822482638888889
1 0.6481481481481481 0.9606119791666666 0.04976851851851852 0.07703993055555555
1 0.5991030092592593 0.9612630208333334 0.044849537037037035 0.076171875
1 0.5497685185185185 0.9619140625 0.04918981481481482 0.0740017361111111
1 0.4991319444444444 0.9625651041666666 0.046875 0.07269965277777778
1 0.4500868055555556 0.9629991319444444 0.04658564814814815 0.072265625
1 0.40162037037037035 0.9633246527777778 0.04513888888888889 0.07118055555555555
1 0.35228587962962965 0.9639756944444444 0.05063657407407408 0.0703125
1 0.30063657407407407 0.9641927083333334 0.048032407407407406 0.06901041666666667
1 0.25 0.96484375 0.048032407407407406 0.0681423611111111
1 0.1801215277777778 0.9631076388888888 0.04832175925925926 0.0642361111111111
1 0.018229166666666668 0.9781901041666666 0.03356481481481482 0.04014756944444445
1 0.08839699074074074 0.9891493055555556 0.051215277777777776 0.019097222222222224
1 0.6971932870370371 0.9933810763888888 0.04369212962962963 0.011501736111111112
1 0.8039641203703703 0.9646267361111112 0.015335648148148149 0.043402777777777776
1 0.7709780092592593 0.9839409722222222 0.04716435185185185 0.029513888888888888
1 0.7721354166666666 0.9551866319444444 0.044270833333333336 0.024088541666666668
0 0.8333333333333334 0.2016059027777778 0.07002314814814815 0.020833333333333332
0 0.5390625 0.1990017361111111 0.06770833333333333 0.021267361111111112
0 0.19921875 0.1987847222222222 0.0708912037037037 0.022135416666666668
0 0.8415798611111112 0.4324001736111111 0.06799768518518519 0.021484375
0 0.5342881944444444 0.43359375 0.06741898148148148 0.021701388888888888
0 0.22019675925925927 0.4351128472222222 0.07060185185185185 0.021267361111111112
0 0.8519965277777778 0.6639539930555556 0.06741898148148148 0.023654513888888888
0 0.5350115740740741 0.6682942708333334 0.06770833333333333 0.022352430555555556
0 0.22410300925925927 0.6725260416666666 0.07146990740740741 0.023003472222222224
0 0.8560474537037037 0.9011501736111112 0.06741898148148148 0.024088541666666668
0 0.5496238425925926 0.9098307291666666 0.06915509259259259 0.023654513888888888
0 0.2230902777777778 0.916015625 0.07233796296296297 0.024739583333333332
0 0.9997106481481481 0.9291449652777778 0.0 0.06575520833333333
1 0.7997685185185185 0.9327256944444444 0.023148148148148147 0.014756944444444444
1 0.7628761574074074 0.9343532986111112 0.03732638888888889 0.014105902777777778
