1 0.04563492063492063 0.12041170634920635 0.06812169312169312 0.13616071428571427
1 0.11772486772486772 0.12103174603174603 0.06481481481481481 0.1349206349206349
1 0.1906415343915344 0.12276785714285714 0.06316137566137567 0.13839285714285715
1 0.25710978835978837 0.12301587301587301 0.055224867724867725 0.1378968253968254
1 0.3159722222222222 0.12313988095238096 0.05588624338624339 0.1416170634920635
1 0.38244047619047616 0.12400793650793651 0.05919312169312169 0.13740079365079366
1 0.44543650793650796 0.12301587301587301 0.057539682539682536 0.14037698412698413
1 0.5124007936507936 0.1236359126984127 0.06316137566137567 0.1416170634920635
1 0.5813492063492064 0.12388392857142858 0.0582010582010582 0.13616071428571427
1 0.6521164021164021 0.12152777777777778 0.057539682539682536 0.13839285714285715
1 0.7230489417989417 0.1212797619047619 0.055224867724867725 0.13690476190476192
1 0.7883597883597884 0.1209077380952381 0.06084656084656084 0.14211309523809523
1 0.8654100529100529 0.12152777777777778 0.06084656084656084 0.13839285714285715
1 0.9351851851851852 0.12028769841269842 0.057539682539682536 0.1349206349206349
1 0.9841269841269841 0.1195436507936508 0.031084656084656083 0.13442460317460317
1 0.9621362433862434 0.29476686507936506 0.06316137566137567 0.13268849206349206
1 0.8961640211640212 0.29563492063492064 0.057539682539682536 0.13194444444444445
1 0.8321759259259259 0.2951388888888889 0.05919312169312169 0.13442460317460317
1 0.7668650793650794 0.2941468253968254 0.0582010582010582 0.1324404761904762
1 0.701223544973545 0.29563492063492064 0.059854497354497355 0.13194444444444445
1 0.6380621693121693 0.2942708333333333 0.059854497354497355 0.13368055555555555
1 0.5737433862433863 0.29563492063492064 0.057539682539682536 0.13194444444444445
1 0.5049603174603174 0.2974950396825397 0.056878306878306875 0.13665674603174602
1 0.4366732804232804 0.29637896825396826 0.06382275132275132 0.13194444444444445
1 0.373015873015873 0.29563492063492064 0.051587301587301584 0.13194444444444445
1 0.3029100529100529 0.29575892857142855 0.06084656084656084 0.1331845238095238
1 0.23363095238095238 0.296875 0.06183862433862434 0.13293650793650794
1 0.16881613756613756 0.29662698412698413 0.05853174603174603 0.12748015873015872
1 0.04398148148148148 0.2974950396825397 0.0582010582010582 0.1307043650793651
1 0.10714285714285714 0.29575892857142855 0.056878306878306875 0.1307043650793651
1 0.029265873015873016 0.45907738095238093 0.05324074074074074 0.1349206349206349
1 0.08862433862433862 0.45944940476190477 0.052248677248677246 0.1331845238095238
1 0.14384920634920634 0.458953373015873 0.0496031746031746 0.1331845238095238
1 0.20023148148148148 0.4583333333333333 0.049933862433862435 0.13541666666666666
1 0.25909391534391535 0.46106150793650796 0.054563492063492064 0.13194444444444445
1 0.31812169312169314 0.45969742063492064 0.051587301587301584 0.13169642857142858
1 0.3748346560846561 0.45969742063492064 0.04861111111111111 0.13467261904761904
1 0.4333664021164021 0.4592013888888889 0.050595238095238096 0.13268849206349206
1 0.4923941798941799 0.4585813492063492 0.05092592592592592 0.13690476190476192
1 0.5500992063492064 0.4603174603174603 0.049933862433862435 0.1359126984126984
1 0.6071428571428571 0.4585813492063492 0.052248677248677246 0.13392857142857142
1 0.6716269841269841 0.4585813492063492 0.05026455026455026 0.1314484126984127
1 0.7306547619047619 0.45969742063492064 0.054563492063492064 0.13268849206349206
1 0.7913359788359788 0.45907738095238093 0.052248677248677246 0.1359126984126984
1 0.8510251322751323 0.458953373015873 0.05654761904761905 0.1341765873015873
1 0.9133597883597884 0.4592013888888889 0.05291005291005291 0.13368055555555555
1 0.9718915343915344 0.4585813492063492 0.052248677248677246 0.1314484126984127
1 0.020833333333333332 0.6192956349206349 0.041666666666666664 0.1388888888888889
1 0.09738756613756613 0.6197916666666666 0.06183862433862434 0.1324404761904762
1 0.17741402116402116 0.6197916666666666 0.06316137566137567 0.13442460317460317
1 0.2562830687830688 0.6225198412698413 0.06415343915343916 0.13442460317460317
1 0.3369708994708995 0.621155753968254 0.061507936507936505 0.13368055555555555
1 0.41650132275132273 0.623015873015873 0.06646825396825397 0.1388888888888889
1 0.5006613756613757 0.621155753968254 0.06415343915343916 0.1371527777777778
1 0.5790343915343915 0.621155753968254 0.061507936507936505 0.13864087301587302
1 0.6643518518518519 0.6197916666666666 0.06415343915343916 0.13988095238095238
1 0.7409060846560847 0.6192956349206349 0.060515873015873016 0.1388888888888889
1 0.8287037037037037 0.6189236111111112 0.06283068783068783 0.1396329365079365
1 0.9059193121693122 0.6194196428571429 0.06316137566137567 0.1440972222222222
1 0.9768518518518519 0.6184275793650794 0.04563492063492063 0.14211309523809523
1 0.024305555555555556 0.78125 0.04861111111111111 0.13343253968253968
1 0.07837301587301587 0.7817460317460317 0.047619047619047616 0.1324404761904762
1 0.13640873015873015 0.7817460317460317 0.054563492063492064 0.1324404761904762
1 0.19642857142857142 0.7800099206349206 0.05357142857142857 0.1378968253968254
1 0.25462962962962965 0.7803819444444444 0.05357142857142857 0.140625
1 0.3156415343915344 0.7844742063492064 0.05720899470899471 0.12896825396825398
1 0.3791335978835979 0.78125 0.05787037037037037 0.12996031746031747
1 0.4396494708994709 0.7822420634920635 0.05324074074074074 0.12648809523809523
1 0.500165343915344 0.7831101190476191 0.04861111111111111 0.12822420634920634
1 0.5577050264550265 0.78125 0.054563492063492064 0.12103174603174603
1 0.6235119047619048 0.7836061507936508 0.060515873015873016 0.12375992063492064
1 0.687665343915344 0.7872023809523809 0.05324074074074074 0.12549603174603174
1 0.748181216931217 0.7831101190476191 0.050595238095238096 0.1297123015873016
1 0.8091931216931217 0.7803819444444444 0.05489417989417989 0.12822420634920634
1 0.8703703703703703 0.7831101190476191 0.056216931216931214 0.12822420634920634
1 0.9343584656084656 0.7836061507936508 0.05324074074074074 0.12723214285714285
1 0.9869378306878307 0.7867063492063492 0.02546296296296296 0.12648809523809523
1 0.01669973544973545 0.9402281746031746 0.030753968253968252 0.11656746031746032
1 0.06944444444444445 0.9408482142857143 0.06283068783068783 0.11780753968253968
1 0.13293650793650794 0.9417162698412699 0.056878306878306875 0.11607142857142858
1 0.19758597883597884 0.9412202380952381 0.05125661375661376 0.11706349206349206
1 0.2587632275132275 0.9417162698412699 0.05919312169312169 0.11607142857142858
1 0.32142857142857145 0.9378720238095238 0.052248677248677246 0.11929563492063493
1 0.3844246031746032 0.9406001984126984 0.05720899470899471 0.1158234126984127
1 0.4485780423280423 0.9387400793650794 0.049933862433862435 0.12103174603174603
1 0.5084325396825397 0.9406001984126984 0.05324074074074074 0.1158234126984127
1 0.5714285714285714 0.9401041666666666 0.0582010582010582 0.1148313492063492
1 0.634755291005291 0.9397321428571429 0.054563492063492064 0.11904761904761904
1 0.7017195767195767 0.9397321428571429 0.06283068783068783 0.11904761904761904
1 0.7754629629629629 0.9375 0.0582010582010582 0.11656746031746032
1 0.8406084656084656 0.9388640873015873 0.05555555555555555 0.11929563492063493
