1 0.9595211988304093 0.20243969298245615 0.06597222222222222 0.15762061403508773
1 0.8893457602339181 0.20079495614035087 0.05500730994152047 0.15378289473684212
0 0.18357090643274854 0.07195723684210527 0.031615497076023395 0.024945175438596492
0 0.40158991228070173 0.5727796052631579 0.02905701754385965 0.006304824561403508
1 0.953764619883041 0.3554002192982456 0.06652046783625731 0.1455592105263158
1 0.8878837719298246 0.35718201754385964 0.05756578947368421 0.14912280701754385
1 0.8268457602339181 0.19791666666666666 0.06597222222222222 0.15570175438596492
1 0.7597770467836257 0.19120065789473684 0.06816520467836257 0.1669407894736842
1 0.6941703216374269 0.18955592105263158 0.06743421052631579 0.16145833333333334
1 0.6237207602339181 0.18325109649122806 0.0720029239766082 0.16036184210526316
1 0.5543676900584795 0.1787280701754386 0.06962719298245613 0.1650219298245614
1 0.47971491228070173 0.17009320175438597 0.07346491228070176 0.17955043859649122
1 0.8256578947368421 0.34923245614035087 0.062134502923976605 0.15350877192982457
1 0.7582236842105263 0.34799890350877194 0.06505847953216375 0.14884868421052633
1 0.6930738304093568 0.3481359649122807 0.066703216374269 0.15570175438596492
1 0.6218932748538012 0.3452576754385965 0.0712719298245614 0.16145833333333334
1 0.549890350877193 0.3452576754385965 0.06980994152046784 0.15926535087719298
1 0.4798062865497076 0.3430646929824561 0.06597222222222222 0.16365131578947367
1 0.40999634502923976 0.33675986842105265 0.06889619883040936 0.16474780701754385
1 0.410453216374269 0.17256030701754385 0.06980994152046784 0.16365131578947367
1 0.34036915204678364 0.16844846491228072 0.07072368421052631 0.17132675438596492
1 0.339546783625731 0.33223684210526316 0.07054093567251463 0.17160087719298245
1 0.26608187134502925 0.17256030701754385 0.07346491228070176 0.1680372807017544
1 0.2679093567251462 0.33100328947368424 0.07419590643274854 0.17406798245614036
1 0.19526681286549707 0.17132675438596492 0.06816520467836257 0.16831140350877194
1 0.19480994152046785 0.3344298245614035 0.0720029239766082 0.1650219298245614
1 0.11979166666666667 0.1650219298245614 0.07949561403508772 0.18092105263157895
1 0.0512609649122807 0.16228070175438597 0.06962719298245613 0.18421052631578946
1 0.046692251461988306 0.3320997807017544 0.066703216374269 0.16474780701754385
1 0.12015716374269006 0.328125 0.07437865497076024 0.17050438596491227
1 0.07383040935672515 0.6408991228070176 0.06615497076023392 0.15021929824561403
1 0.13541666666666666 0.6285635964912281 0.06834795321637427 0.1650219298245614
1 0.20559210526315788 0.6489857456140351 0.06542397660818713 0.15981359649122806
1 0.26626461988304095 0.6324013157894737 0.06140350877192982 0.16392543859649122
1 0.33205409356725146 0.6448739035087719 0.06761695906432749 0.1493969298245614
1 0.39985380116959063 0.6503563596491229 0.06652046783625731 0.15049342105263158
1 0.4692982456140351 0.6511787280701754 0.06432748538011696 0.14501096491228072
1 0.46728801169590645 0.8045504385964912 0.06615497076023392 0.15625
1 0.3975694444444444 0.8040021929824561 0.06560672514619884 0.15899122807017543
1 0.3317799707602339 0.8022203947368421 0.0626827485380117 0.15707236842105263
1 0.26882309941520466 0.8001644736842105 0.057383040935672515 0.15460526315789475
1 0.20367324561403508 0.8019462719298246 0.06597222222222222 0.15652412280701755
1 0.13788377192982457 0.7952302631578947 0.06451023391812866 0.16666666666666666
1 0.07410453216374269 0.7916666666666666 0.05975877192982456 0.1513157894736842
1 0.019554093567251463 0.7827576754385965 0.039108187134502925 0.14336622807017543
1 0.021564327485380116 0.6362390350877193 0.03983918128654971 0.15296052631578946
1 0.5381030701754386 0.6537828947368421 0.06341374269005848 0.1600877192982456
1 0.5331688596491229 0.8064692982456141 0.060124269005847955 0.15021929824561403
1 0.597953216374269 0.8026315789473685 0.062134502923976605 0.15570175438596492
1 0.6603618421052632 0.8026315789473685 0.060124269005847955 0.14638157894736842
1 0.7269736842105263 0.8026315789473685 0.06067251461988304 0.1524122807017544
1 0.7918494152046783 0.8007127192982456 0.06140350877192982 0.14857456140350878
1 0.8531615497076024 0.7983826754385965 0.05500730994152047 0.1455592105263158
1 0.9149305555555556 0.7950932017543859 0.06341374269005848 0.15213815789473684
1 0.9183114035087719 0.6537828947368421 0.05884502923976608 0.14967105263157895
1 0.8588267543859649 0.6526864035087719 0.05756578947368421 0.1474780701754386
1 0.7967836257309941 0.6504934210526315 0.06505847953216375 0.15789473684210525
1 0.7307200292397661 0.6500822368421053 0.06341374269005848 0.16255482456140352
1 0.63578216374269 0.5688048245614035 0.0 0.0
0 0.07510964912280702 0.5291940789473685 0.036915204678362575 0.05071271929824561
0 0.06368786549707603 0.9736842105263158 0.04294590643274854 0.02412280701754386
0 0.11970029239766082 0.9828673245614035 0.039473684210526314 0.033717105263157895
0 0.19307383040935672 0.9775219298245614 0.036366959064327485 0.03344298245614035
0 0.2610562865497076 0.9797149122807017 0.033808479532163746 0.03289473684210526
0 0.31853070175438597 0.9835526315789473 0.03435672514619883 0.03289473684210526
0 0.37545687134502925 0.9799890350877193 0.03344298245614035 0.0268640350877193
0 0.44024122807017546 0.9854714912280702 0.02448830409356725 0.02631578947368421
0 0.4909539473684211 0.9835526315789473 0.030884502923976608 0.03125
0 0.5780336257309941 0.9869791666666666 0.031432748538011694 0.02549342105263158
0 0.6217105263157895 0.9751918859649122 0.03216374269005848 0.017269736842105265
0 0.6932565789473685 0.9799890350877193 0.028326023391812866 0.03453947368421053
0 0.7621527777777778 0.9801260964912281 0.02905701754385965 0.02823464912280702
0 0.8200840643274854 0.9769736842105263 0.03892543859649123 0.029605263157894735
0 0.8712536549707602 0.9736842105263158 0.038559941520467836 0.025767543859649123
0 0.9353983918128655 0.9708059210526315 0.038559941520467836 0.023848684210526317
0 0.9713084795321637 0.9588815789473685 0.0 0.0
1 0.6044407894736842 0.6513157894736842 0.055738304093567254 0.15789473684210525
1 0.667671783625731 0.6484375 0.05939327485380117 0.16145833333333334
1 0.9746893274853801 0.6528234649122807 0.048793859649122806 0.1493969298245614
1 0.9743238304093568 0.7987938596491229 0.04952485380116959 0.14473684210526316
