1 0.034722222222222224 0.1111703545721141 0.06944444444444445 0.16262330045321247
1 0.09840785907859079 0.11090375899760065 0.0714769647696477 0.16262330045321247
1 0.1568428184281843 0.10983737669954678 0.06300813008130081 0.1631564916022394
1 0.22154471544715448 0.10823780325246601 0.06910569105691057 0.16209010930418555
1 0.28878726287262874 0.10703812316715543 0.06808943089430894 0.16342308717675286
1 0.3578929539295393 0.10597174086910158 0.06131436314363144 0.1639562783257798
1 0.41971544715447157 0.1039722740602506 0.06300813008130081 0.16582244734737403
1 0.4950880758807588 0.10263929618768329 0.06131436314363144 0.1652892561983471
1 0.5575880758807588 0.10117302052785923 0.06233062330623306 0.16555585177286056
1 0.6202574525745257 0.10103972274060251 0.06029810298102981 0.16422287390029325
1 0.6959688346883469 0.09984004265529192 0.06266937669376693 0.16342308717675286
1 0.7618563685636857 0.0959744068248467 0.06504065040650407 0.1690215942415356
1 0.8226626016260162 0.09570781125033324 0.06063685636856368 0.16635563849640095
1 0.8932926829268293 0.09290855771794188 0.06910569105691057 0.1703545721141029
1 0.02760840108401084 0.3918954945347907 0.05521680216802168 0.14769394828045854
1 0.0804539295392954 0.39162889896027725 0.06673441734417344 0.1487603305785124
1 0.1399051490514905 0.39122900559850704 0.06707317073170732 0.1495601173020528
1 0.19884823848238484 0.3908291122367369 0.06300813008130081 0.14982671287656624
1 0.25660569105691056 0.3904292188749667 0.06402439024390244 0.1500933084510797
1 0.317920054200542 0.3901626233004532 0.061991869918699184 0.1495601173020528
1 0.37703252032520324 0.38909624100239937 0.05962059620596206 0.14902692615302585
1 0.4407181571815718 0.38869634764062916 0.05758807588075881 0.1487603305785124
1 0.5008468834688347 0.38776326312983206 0.05589430894308943 0.1500933084510797
1 0.5616531165311653 0.3874966675553186 0.05555555555555555 0.15062649960010663
1 0.6255081300813008 0.38696347640629164 0.05724932249322493 0.1522260730471874
1 0.6856368563685636 0.386296987470008 0.05758807588075881 0.15249266862170088
1 0.7489837398373984 0.3854972007464676 0.061653116531165314 0.1530258597707278
1 0.8109756097560976 0.384297520661157 0.06029810298102981 0.1543588376432951
1 0.8724593495934959 0.3836310317248734 0.06063685636856368 0.1551586243668355
1 0.014905149051490514 0.6406291655558518 0.029132791327913278 0.12263396427619301
1 0.055047425474254744 0.6315649160223941 0.06266937669376693 0.14289522793921622
1 0.11026422764227642 0.6316982138096507 0.05521680216802168 0.14156225006664888
1 0.1663279132791328 0.632098107171421 0.058265582655826556 0.14236203679018927
1 0.22493224932249323 0.6324980005331912 0.05623306233062331 0.14316182351372966
1 0.2815040650406504 0.6319648093841642 0.0535230352303523 0.14529458810983736
1 0.3363821138211382 0.6324980005331912 0.054878048780487805 0.14476139696081045
1 0.38990514905149054 0.6326312983204478 0.05420054200542006 0.14556118368435084
1 0.4474932249322493 0.6315649160223941 0.0521680216802168 0.14716075713143162
1 0.5045731707317073 0.6322314049586777 0.05860433604336043 0.1474273527059451
1 0.5658875338753387 0.6327645961077046 0.051829268292682924 0.1458277792588643
1 0.6243224932249323 0.6315649160223941 0.052845528455284556 0.1487603305785124
1 0.6814024390243902 0.6342308717675287 0.05386178861788618 0.14716075713143162
1 0.739159891598916 0.6338309784057584 0.05623306233062331 0.14849373500399893
1 0.7975948509485095 0.6296987470007998 0.05860433604336043 0.15622500666488937
1 0.8563685636856369 0.6330311916822181 0.05758807588075881 0.1495601173020528
1 0.05233739837398374 0.9273527059450813 0.0647018970189702 0.12609970674486803
1 0.11280487804878049 0.9289522793921621 0.06097560975609756 0.12290055985070648
1 0.17784552845528456 0.9292188749666755 0.06775067750677506 0.1234337509997334
1 0.24441056910569106 0.9313516395627832 0.06402439024390244 0.11863503065849107
1 0.3092818428184282 0.9344174886696881 0.06368563685636856 0.12263396427619301
1 0.37516937669376693 0.9325513196480938 0.06063685636856368 0.1263663023193815
1 0.4388550135501355 0.9346840842442016 0.061991869918699184 0.12316715542521994
1 0.5032181571815718 0.9328179152226073 0.061991869918699184 0.12529992002132764
1 0.5709688346883469 0.9336177019461477 0.059959349593495935 0.12476672887230073
1 0.6370257452574526 0.9321514262863236 0.06063685636856368 0.12663289789389495
1 0.7012195121951219 0.9328179152226073 0.06029810298102981 0.12529992002132764
1 0.7691395663956639 0.9324180218608371 0.06266937669376693 0.12556651559584112
1 0.8335027100271003 0.93148493735004 0.06334688346883469 0.12743268461743534
1 0.8980352303523035 0.929485470541189 0.06368563685636856 0.13196480938416422
0 0.654979674796748 0.20901093041855506 0.04369918699186992 0.04905358571047721
1 0.011178861788617886 0.9365502532657958 0.022357723577235773 0.1018395094641429
1 0.022865853658536585 0.8715009330845108 0.04573170731707317 0.07358037856571581
1 0.08163956639566396 0.8696347640629165 0.04539295392953929 0.07517995201279659
1 0.13736449864498645 0.8732338043188483 0.04844173441734417 0.08077845907757931
1 0.1973238482384824 0.8820314582777926 0.05115176151761518 0.09624100239936018
1 0.25338753387533874 0.8817648627032791 0.05962059620596206 0.08824313516395628
1 0.3236788617886179 0.8816315649160223 0.05250677506775068 0.08797653958944282
1 0.3875338753387534 0.8820314582777926 0.0508130081300813 0.0887763263129832
1 0.4437669376693767 0.8824313516395628 0.05555555555555555 0.08850973073846974
1 0.5060975609756098 0.8776326312983205 0.05758807588075881 0.07891229005598507
1 0.5730013550135501 0.8736336976806185 0.05724932249322493 0.07358037856571581
1 0.6314363143631436 0.8725673153825646 0.05894308943089431 0.07144761396960811
1 0.6907181571815718 0.8709677419354839 0.05623306233062331 0.06611570247933884
1 0.7506775067750677 0.8818981604905358 0.0521680216802168 0.09224206878165822
1 0.8094512195121951 0.8804318848307118 0.05047425474254742 0.09037589976006398
1 0.8653455284552846 0.8599040255931751 0.059959349593495935 0.09944014929352173
1 0.8436653116531165 0.8229805385230605 0.049796747967479675 0.08051186350306586
1 0.7953929539295393 0.8408424420154625 0.044715447154471545 0.0693148493735004
1 0.7291666666666666 0.8383097840575846 0.047764227642276426 0.07704612103439083
1 0.6776761517615176 0.8407091442282059 0.04844173441734417 0.06318315115969075
1 0.627710027100271 0.8373766995467875 0.0521680216802168 0.0570514529458811
1 0.5701219512195121 0.8392428685683818 0.0535230352303523 0.06185017328712343
1 0.5086382113821138 0.839109570781125 0.05386178861788618 0.05998400426552919
1 0.44986449864498645 0.8449746734204212 0.04878048780487805 0.07171420954412157
1 0.39363143631436315 0.8412423353772327 0.048102981029810296 0.0642495334577446
1 0.3328252032520325 0.8492402026126367 0.04911924119241192 0.08077845907757931
1 0.274559620596206 0.8395094641428952 0.051829268292682924 0.06664889362836576
1 0.21510840108401083 0.837110103972274 0.03997289972899729 0.06238336443615036
1 0.16023035230352303 0.8341775526526259 0.042682926829268296 0.065049320181285
1 0.10501355013550136 0.8344441482271394 0.03861788617886179 0.060250599840042655
1 0.04759485094850949 0.8348440415889096 0.04098915989159892 0.05785123966942149
1 0.015752032520325202 0.8077845907757931 0.031504065040650404 0.052252732604638766
1 0.03523035230352303 0.7819248200479872 0.041327913279132794 0.046387629965342576
1 0.06825880758807588 0.8060517195414556 0.041666666666666664 0.050386563583044525
1 0.12127371273712736 0.8023193814982671 0.044715447154471545 0.05891762196747534
1 0.08943089430894309 0.7804585443881632 0.032520325203252036 0.04612103439082911
1 0.05894308943089431 0.7640629165555852 0.03590785907859079 0.03199146894161557
1 0.10518292682926829 0.7603305785123967 0.039634146341463415 0.02346041055718475
1 0.14261517615176153 0.7805918421754199 0.03523035230352303 0.05011996800853106
1 0.15836720867208673 0.7633964276193015 0.03556910569105691 0.029592108770994403
1 0.1744579945799458 0.8051186350306585 0.04403794037940379 0.05651826179685417
1 0.192920054200542 0.7813916288989603 0.03827913279132791 0.054385497200746466
1 0.20528455284552846 0.7681951479605439 0.03523035230352303 0.03705678485737137
1 0.24407181571815717 0.7867235403892295 0.04234417344173442 0.0570514529458811
1 0.28709349593495936 0.8133830978405758 0.041666666666666664 0.065049320181285
1 0.296070460704607 0.7865902426019729 0.041327913279132794 0.05891762196747534
1 0.30470867208672087 0.7791255665155958 0.04437669376693767 0.05785123966942149
1 0.34959349593495936 0.8139162889896028 0.037940379403794036 0.06558251133031191
1 0.40396341463414637 0.8133830978405758 0.04031165311653116 0.059184217541988805
1 0.4508807588075881 0.8101839509464143 0.048102981029810296 0.05278592375366569
1 0.5076219512195121 0.8104505465209277 0.05047425474254742 0.053319114902692616
1 0.5669037940379403 0.8095174620101306 0.049796747967479675 0.052519328179152225
1 0.6236449864498645 0.8095174620101306 0.051490514905149054 0.052519328179152225
1 0.674119241192412 0.8075179952012796 0.0521680216802168 0.04852039456145028
1 0.7217140921409214 0.8012529992002133 0.05115176151761518 0.05518528392428686
1 0.7821815718157181 0.8165822447347374 0.042682926829268296 0.07251399626766196
1 0.8268970189701897 0.7880565182617969 0.04200542005420054 0.06185017328712343
1 0.7801490514905149 0.781524926686217 0.04878048780487805 0.052519328179152225
1 0.7381436314363143 0.7861903492402026 0.03116531165311653 0.06238336443615036
1 0.7042682926829268 0.7851239669421488 0.03929539295392954 0.06238336443615036
1 0.6610772357723578 0.7805918421754199 0.046409214092140924 0.054385497200746466
1 0.6644647696476965 0.7919221540922421 0.05047425474254742 0.06318315115969075
1 0.6133130081300813 0.7917888563049853 0.041666666666666664 0.06398293788323114
1 0.5663956639566395 0.7867235403892295 0.05013550135501355 0.053319114902692616
1 0.5203252032520326 0.7865902426019729 0.03997289972899729 0.0621167688616369
1 0.6148373983739838 0.7697947214076246 0.044715447154471545 0.031724873367102106
1 0.5669037940379403 0.7679285523860304 0.04708672086720867 0.030125299920021328
1 0.4600271002710027 0.7868568381764862 0.037940379403794036 0.052519328179152225
1 0.49830623306233063 0.7824580111970141 0.034552845528455285 0.05971740869101573
1 0.4559620596205962 0.7713942948547055 0.048102981029810296 0.039722740602505996
1 0.4097222222222222 0.7847240735803785 0.04234417344173442 0.04772060783790989
1 0.4071815718157182 0.7761930151959477 0.048102981029810296 0.04932018128499067
1 0.41395663956639567 0.7628632364702745 0.04539295392953929 0.021061050386563585
1 0.3489159891598916 0.7899226872833911 0.04878048780487805 0.07464676086376966
1 0.028285907859078592 0.5737136763529725 0.04098915989159892 0.06078379098906958
1 0.029640921409214094 0.5374566782191416 0.0260840108401084 0.012796587576646227
1 0.011348238482384823 0.5406558251133031 0.022018970189701895 0.036790189282857905
1 0.03573848238482385 0.5282591308984271 0.03421409214092141 0.030125299920021328
1 0.0674119241192412 0.5445214609437483 0.02981029810298103 0.04772060783790989
1 0.07808265582655827 0.5731804852039456 0.03353658536585366 0.059184217541988805
1 0.12737127371273713 0.5729138896294321 0.03319783197831978 0.053319114902692616
1 0.1875 0.5763796320981072 0.04098915989159892 0.06078379098906958
1 0.2427168021680217 0.5726472940549187 0.04031165311653116 0.05278592375366569
1 0.2948848238482385 0.5722474006931485 0.04098915989159892 0.052519328179152225
1 0.3448509485094851 0.5723806984804052 0.03997289972899729 0.05385230605171954
1 0.39295392953929537 0.573980271927486 0.0494579945799458 0.06451612903225806
1 0.462059620596206 0.5738469741402292 0.036585365853658534 0.05785123966942149
1 0.5101626016260162 0.5801119701412957 0.03861788617886179 0.07091442282058118
1 0.5613143631436315 0.5718475073313783 0.04878048780487805 0.05758464409490802
1 0.6204268292682927 0.5675819781391629 0.04911924119241192 0.0469208211143695
1 0.6666666666666666 0.5690482537989869 0.03861788617886179 0.05091975473207145
1 0.7300135501355014 0.5659824046920822 0.042682926829268296 0.054385497200746466
1 0.779979674796748 0.5726472940549187 0.04098915989159892 0.0570514529458811
1 0.8338414634146342 0.571980805118635 0.037601626016260166 0.05785123966942149
1 0.08434959349593496 0.5290589176219674 0.02710027100271003 0.03225806451612903
1 0.10298102981029811 0.5469208211143695 0.023712737127371274 0.03225806451612903
1 0.1448170731707317 0.5529192215409224 0.032859078590785906 0.03732338043188483
1 0.12533875338753386 0.5333244468141829 0.025067750677506776 0.024793388429752067
1 0.12737127371273713 0.5231938149826713 0.02981029810298103 0.020527859237536656
1 0.1681910569105691 0.5407891229005598 0.028116531165311653 0.038656358304452146
1 0.2018970189701897 0.5495867768595041 0.03116531165311653 0.03119168221807518
1 0.21341463414634146 0.5411890162623301 0.03116531165311653 0.037856571580911755
1 0.1830962059620596 0.5227939216209011 0.0260840108401084 0.02079445481205012
1 0.2252710027100271 0.5290589176219674 0.028455284552845527 0.03332444681418288
1 0.25423441734417346 0.5589176219674753 0.03218157181571816 0.04932018128499067
1 0.3023373983739837 0.5539856038389763 0.03353658536585366 0.04052252732604639
1 0.3529810298102981 0.5535857104772061 0.036585365853658534 0.04078912290055985
1 0.399559620596206 0.5525193281791523 0.037601626016260166 0.045587843241802185
1 0.43970189701897017 0.5591842175419888 0.03048780487804878 0.052519328179152225
1 0.5067750677506775 0.5533191149026926 0.03861788617886179 0.04772060783790989
1 0.5625 0.5530525193281791 0.046409214092140924 0.046654225539856035
1 0.5625 0.5405225273260464 0.04437669376693767 0.044521460943748335
1 0.26609078590785906 0.5346574246867501 0.028116531165311653 0.02426019728072514
1 0.2782859078590786 0.5229272194081578 0.0247289972899729 0.020527859237536656
1 0.3136856368563686 0.5343908291122368 0.029132791327913278 0.024793388429752067
1 0.32757452574525747 0.5234604105571847 0.026422764227642278 0.023727006131698213
1 0.35907859078590787 0.5369234870701146 0.02981029810298103 0.03039189549453479
1 0.37025745257452575 0.5257264729405492 0.025745257452574527 0.02932551319648094
1 0.4078590785907859 0.538256464942682 0.03590785907859079 0.03998933617701946
1 0.4275067750677507 0.5330578512396694 0.025067750677506776 0.04292188749666755
1 0.4639227642276423 0.5529192215409224 0.03489159891598916 0.061316982138096505
1 0.47052845528455284 0.5345241268994935 0.032520325203252036 0.046387629965342576
1 0.5211720867208672 0.5489202879232205 0.029471544715447155 0.05971740869101573
1 0.5206639566395664 0.5153292455345241 0.02032520325203252 0.009064249533457745
1 0.5616531165311653 0.5142628632364703 0.02032520325203252 0.007464676086376966
1 0.6075542005420054 0.556118368435084 0.03556910569105691 0.047454012263396426
1 0.6051829268292683 0.5425219941348973 0.03353658536585366 0.04425486536923487
1 0.6034891598915989 0.5151959477472674 0.020663956639566397 0.009864036256998134
1 0.6580284552845529 0.556118368435084 0.03353658536585366 0.049586776859504134
1 0.6514227642276422 0.541722207411357 0.029132791327913278 0.04585443881631565
1 0.6414295392953929 0.5271927486003732 0.0260840108401084 0.03332444681418288
1 0.7074864498644986 0.5457211410290589 0.037601626016260166 0.036790189282857905
1 0.6924119241192412 0.5254598773660357 0.03184281842818428 0.029858704345507865
1 0.7215447154471545 0.5334577446014396 0.023035230352303523 0.03412423353772327
1 0.771849593495935 0.5502532657957878 0.032859078590785906 0.037856571580911755
1 0.7654132791327913 0.5358571047720608 0.0260840108401084 0.03199146894161557
1 0.7525406504065041 0.5259930685150627 0.030826558265582657 0.03145827779258864
1 0.8248644986449865 0.5499866702212743 0.023712737127371274 0.03838976272993868
1 0.8135162601626016 0.5365235937083445 0.030826558265582657 0.03439082911223674
1 0.7994579945799458 0.5270594508131164 0.028455284552845527 0.0325246600906425
1 0.04352981029810298 0.05385230605171954 0.022696476964769646 0.02346041055718475
1 0.24932249322493225 0.0566515595841109 0.029132791327913278 0.03119168221807518
1 0.3087737127371274 0.06278325779792056 0.031504065040650404 0.05091975473207145
1 0.3231707317073171 0.06904825379898694 0.02168021680216802 0.03838976272993868
1 0.5972222222222222 0.05011996800853106 0.015582655826558265 0.03359104238869635
1 0.6504065040650406 0.0743801652892562 0.017615176151761516 0.024526792855238604
1 0.6648035230352304 0.06518261796854172 0.013888888888888888 0.024793388429752067
1 0.7457655826558266 0.036923487070114634 0.01524390243902439 0.022127432684617435
1 0.8009823848238482 0.037723273793655025 0.017953929539295393 0.020527859237536656
1 0.8751693766937669 0.03239136230338576 0.022696476964769646 0.021061050386563585
1 0.8580623306233063 0.04252199413489736 0.016937669376693765 0.0173287123433751
1 0.6763211382113821 0.04985337243401759 0.013888888888888888 0.015462543321780858
1 0.12804878048780488 0.06344974673420421 0.02032520325203252 0.01652892561983471
1 0.06910569105691057 0.0621167688616369 0.017615176151761516 0.017595307917888565
1 0.0418360433604336 0.3337776592908558 0.03489159891598916 0.03732338043188483
1 0.10094850948509485 0.33297787256731537 0.034552845528455285 0.036790189282857905
