0 0.041801443145060964 0.16141340411413405 0.03533217218213486 0.01692103516921035
0 0.30592187111221697 0.15975447909754478 0.03309280915650659 0.01824817518248175
0 0.40731525255038564 0.15875912408759124 0.033839263498382684 0.01692103516921035
0 0.7034088081612342 0.15560716655607165 0.035829808410052254 0.019243530192435302
1 0.05859666583727295 0.10799601857996019 0.04652898731027619 0.05607166556071665
1 0.016670813635232644 0.11031851360318513 0.0323463548146305 0.06801592568015925
1 0.10823587957203284 0.10235567352355673 0.04777307788006967 0.07332448573324486
1 0.1742970888280667 0.09754479097544791 0.0788753421249067 0.0856005308560053
1 0.255536203035581 0.09737889847378899 0.07763125155511322 0.08195089581950896
1 0.3337894998755909 0.09920371599203716 0.07489425230156756 0.07631055076310551
1 0.4177656133366509 0.09323158593231586 0.08658870365762628 0.08626410086264101
1 0.5059716347350087 0.09605175846051758 0.0853446130878328 0.08394160583941605
1 0.5987807912416024 0.09107498341074984 0.08335406817616323 0.08327803583278036
1 0.6838765862154765 0.08974784339747843 0.08235879572032843 0.08261446582614466
1 0.7601393381438168 0.10666887856668879 0.064692709629261 0.06536164565361646
1 0.8447374968897736 0.09439283344392833 0.09256033839263499 0.07996018579960186
1 0.9163971137098781 0.0650298606502986 0.03334162727046529 0.0411413404114134
1 0.026499129136601143 0.2780358327803583 0.03508335406817616 0.0962176509621765
1 0.05075889524757402 0.23390842733908426 0.0 0.0
1 0.1637223189848221 0.3287989382879894 0.0 0.0
1 0.1924608111470515 0.283178500331785 0.06344861905946753 0.08792302587923026
1 0.02475740233889027 0.24286662242866622 0.0460313510823588 0.039814200398142006
1 0.29659119183876587 0.23158593231585933 0.0 0.0
1 0.3587957203284399 0.26177836761778367 0.008459815874595671 0.009953550099535502
1 0.40159243592933563 0.23954877239548772 0.0 0.0
1 0.46180641950734014 0.23623092236230922 0.0 0.0
1 0.5572281662105001 0.29744525547445255 0.01816372231898482 0.02090245520902455
1 0.603632744463797 0.2969475779694758 0.06369743717342623 0.07365627073656271
1 0.6027618810649416 0.2777040477770405 0.01169445135605872 0.007962840079628402
1 0.7031599900472755 0.21765096217650962 0.0 0.0
1 0.8325454093057975 0.25646980756469806 0.0 0.0
1 0.9257277929833292 0.25099535500995357 0.014680268723563076 0.011612475116124751
1 0.7532968400099527 0.26028533510285334 0.01169445135605872 0.012939615129396152
0 0.32856431948245834 0.35484406104844063 0.03508335406817616 0.019575315195753153
0 0.6356058721074894 0.35832780358327804 0.03558099029609355 0.0205706702057067
0 0.027121174421497887 0.5389847378898474 0.03831798954963921 0.02023888520238885
0 0.2615078377705897 0.5369940278699403 0.03533217218213486 0.01824817518248175
0 0.47039064443891515 0.5359986728599867 0.03408808161234138 0.02090245520902455
1 0.01828813137596417 0.42551426675514264 0.03607862652401095 0.045454545454545456
1 0.05785021149539687 0.4173855341738553 0.03757153520776312 0.047777040477770406
1 0.10947997014182632 0.41688785666887856 0.06170689226175666 0.05540809555408095
1 0.1701915899477482 0.41091572660915726 0.029858173675043544 0.056735235567352355
1 0.021149539686489176 0.47959522229595225 0.039313262005474 0.05806237558062376
1 0.07004229907937298 0.4781021897810219 0.05449116695695447 0.06370272063702721
1 0.12341378452351331 0.47909754479097544 0.04876835033590445 0.06569343065693431
1 0.16770340880816123 0.47528201725282015 0.03732271709380443 0.06934306569343066
1 0.22182134859417765 0.42418712674187126 0.0520029858173675 0.05938951559389516
1 0.22953471012689725 0.48440610484406105 0.058969893008211 0.055739880557398806
1 0.2878825578502115 0.4794293297942933 0.05374471261507838 0.059721300597213006
1 0.340258770838517 0.47992700729927007 0.04901716844986315 0.05938951559389516
1 0.3981089823339139 0.4751161247511613 0.0522518039313262 0.06436629064366291
1 0.2713361532719582 0.4283344392833444 0.04005971634735009 0.0371599203715992
1 0.3191092311520279 0.4256801592568016 0.05051007713361533 0.042468480424684804
1 0.37335157999502366 0.4318181818181818 0.05548643941278925 0.061380225613802256
1 0.4446379696441901 0.4877239548772396 0.03085344613087833 0.039150630391506305
1 0.4792236874844489 0.4873921698739217 0.033839263498382684 0.0411413404114134
1 0.510699178900224 0.48689449236894494 0.0261259019656631 0.041473125414731256
1 0.5533714854441404 0.4870603848706038 0.03533217218213486 0.0418049104180491
1 0.49365513809405326 0.4401128069011281 0.039313262005474 0.04611811546118116
1 0.5874595670564817 0.48905109489051096 0.02936053744712615 0.039150630391506305
1 0.6224185120676785 0.4849037823490378 0.03607862652401095 0.05009953550099536
1 0.5689226175665588 0.43679495686794956 0.02861408310525006 0.03151957531519575
1 0.8993530729037074 0.4849037823490378 0.08186115949241105 0.05209024552090245
1 0.9700174172679771 0.48689449236894494 0.05747698432445882 0.060716655607166554
1 0.9601891017666087 0.4281685467816855 0.0781288877830306 0.049435965494359656
1 0.044414033341627274 0.6408427339084274 0.02015426723065439 0.08925016589250166
1 0.07539188852948495 0.6459854014598541 0.04628016919631749 0.08958195089581951
1 0.02077631251555113 0.6257465162574651 0.016670813635232644 0.015262110152621102
1 0.19395371983080367 0.6740212342402123 0.02861408310525006 0.036828135368281355
1 0.2243095297337646 0.6663901791639018 0.029609355561084846 0.03881884538818845
1 0.2715849713859169 0.6718646317186463 0.034585717840258774 0.0418049104180491
1 0.18400099527245584 0.6361977438619775 0.028116446877332668 0.032183145321831454
1 0.18536949489922866 0.5992037159920371 0.023886538940034834 0.034505640345056404
1 0.21672057725802438 0.6050099535500996 0.031848718586713114 0.032846715328467155
1 0.3446130878327942 0.6750165892501659 0.030355809902960936 0.03483742534837425
1 0.3958696193082856 0.6693762441937624 0.030355809902960936 0.037491705374917056
1 0.4292112465787509 0.6655607166556071 0.029858173675043544 0.03185136031851361
1 0.4579497387409803 0.6629064366290643 0.02214481214232396 0.0371599203715992
1 0.48258273202289126 0.6726940942269409 0.02363772082607614 0.036828135368281355
1 0.5083354068176164 0.6692103516921035 0.025877083851704404 0.0418049104180491
1 0.31674545906942025 0.621765096217651 0.02736999253545658 0.046449900464499004
1 0.21895994028365265 0.5605507631055077 0.022393630256282656 0.028201725282017254
1 0.2442149788504603 0.5592236230922363 0.025130629509828317 0.02289316522893165
1 0.2715849713859169 0.6036828135368282 0.02164717591440657 0.02687458526874585
1 0.28514555859666585 0.5718314532183145 0.02736999253545658 0.03151957531519575
1 0.3789499875590943 0.5922362309223623 0.02736999253545658 0.0364963503649635
1 0.4069420253794476 0.6151293961512939 0.02562826573774571 0.0378234903782349
1 0.4339387907439662 0.6048440610484406 0.024384175167952226 0.0364963503649635
1 0.5002488181139587 0.5940610484406105 0.025130629509828317 0.03948241539482415
1 0.5383179895496392 0.6081619110816191 0.03060462801691963 0.0418049104180491
1 0.5411793978601642 0.6698739216987393 0.03135108235879572 0.0411413404114134
1 0.5987807912416024 0.6325481088254811 0.029609355561084846 0.04346383543463835
1 0.6363523264493656 0.5990378234903783 0.029609355561084846 0.03948241539482415
1 0.6695695446628515 0.5678500331785004 0.03334162727046529 0.03948241539482415
1 0.7214481214232397 0.5799601857996018 0.034585717840258774 0.043795620437956206
1 0.6853694948992287 0.6731917717319177 0.03359044538442399 0.0418049104180491
1 0.7631251555113212 0.6710351692103517 0.027867628763373974 0.040145985401459854
1 0.7542921124657875 0.6074983410749835 0.028116446877332668 0.0378234903782349
1 0.7878825578502114 0.5779694757796947 0.03359044538442399 0.043132050431320505
0 0.921373475989052 0.6975779694757797 0.08011943269470018 0.06536164565361646
0 0.8467280418014431 0.7214664897146649 0.03632744463796964 0.02687458526874585
0 0.635108235879572 0.7231254147312541 0.03309280915650659 0.02023888520238885
0 0.4884299577009206 0.7216323822163239 0.02139835780044787 0.019243530192435302
0 0.3274446379696442 0.7214664897146649 0.03334162727046529 0.021566025215660253
0 0.2169693953719831 0.7217982747179827 0.03334162727046529 0.022229595222295954
0 0.04080617068922618 0.7204711347047114 0.03483453595421747 0.02023888520238885
1 0.5334660363274446 0.4583609820836098 0.03334162727046529 0.036164565361645654
0 0.9400348345359543 0.04694757796947578 0.027867628763373974 0.011612475116124751
0 0.9375466533963672 0.03151957531519575 0.0 0.0
0 0.9405324707638716 0.04844061048440611 0.0 0.0
0 0.9499875590943021 0.06751824817518248 0.027867628763373974 0.036828135368281355
1 0.7254292112465788 0.4409422694094227 0.03558099029609355 0.0245520902455209
1 0.9519781040059716 0.06287325812873258 0.0323463548146305 0.04280026542800265
1 0.9844488678775815 0.06619110816191108 0.029609355561084846 0.04611811546118116
1 0.912416023886539 0.10865958858659588 0.03334162727046529 0.04280026542800265
1 0.9508584224931576 0.10700066357000663 0.03856680766359791 0.03948241539482415
1 0.986066185618313 0.11015262110152621 0.02687235630753919 0.0418049104180491
1 0.022642448370241354 0.26808228268082285 0.04379198805673053 0.029860650298606503
1 0.01953222194575765 0.30408095554080955 0.03657626275192834 0.037491705374917056
1 0.0884548395123165 0.24220305242203052 0.06792734511072406 0.029197080291970802
1 0.07775566061209256 0.27538155275381554 0.05747698432445882 0.035169210351692105
1 0.07029111719333167 0.30408095554080955 0.05299825827320229 0.04346383543463835
1 0.14394127892510575 0.24751161247511613 0.05847225678029361 0.0364963503649635
1 0.13933814381686987 0.2758792302587923 0.06120925603383926 0.033510285335102856
1 0.1363523264493655 0.31187790311877905 0.05772580243841752 0.0371599203715992
1 0.19967653645185368 0.24220305242203052 0.05100771336153272 0.03185136031851361
1 0.19743717342622544 0.2748838752488387 0.05449116695695447 0.03483742534837425
1 0.19370490171684498 0.3088918380889184 0.05697934809654143 0.039150630391506305
1 0.2454590694202538 0.23888520238885202 0.010699178900223935 0.011944260119442602
1 0.2576511570042299 0.23755806237558064 0.013187360039810898 0.0112806901128069
1 0.26934560836028865 0.23954877239548772 0.007713361532719582 0.0072992700729927005
1 0.2789251057476984 0.24950232249502322 0.013436178153769594 0.025879230258792303
1 0.238740980343369 0.2803583278035833 0.006220452848967405 0.019907100199071003
1 0.2799203782035332 0.27571333775713336 0.010947997014182632 0.021234240212342402
1 0.27792983329186366 0.29396151293961514 0.008957452102513063 0.012607830126078301
1 0.2768101517790495 0.30806237558062377 0.008210997760636975 0.012939615129396152
1 0.2653645185369495 0.3042468480424685 0.010201542672306545 0.0112806901128069
1 0.23836775317243095 0.3007631055076311 0.005971634735008708 0.014266755142667552
1 0.2519283403831799 0.3067352355673524 0.011196815128141328 0.01625746516257465
1 0.24035829808410053 0.31668878566688785 0.009455088330430456 0.014930325149303252
1 0.2634983826822593 0.3181818181818182 0.013436178153769594 0.013934970139349702
1 0.2756904702662354 0.3224950232249502 0.011943269470017417 0.010617120106171201
1 0.2505598407564071 0.3218314532183145 0.008957452102513063 0.0112806901128069
1 0.3080368250808659 0.30690112806901126 0.01443145060960438 0.011944260119442602
1 0.3189848220950485 0.3090577305905773 0.008459815874595671 0.008958195089581952
1 0.3308036825080866 0.30341738553417386 0.012689723811893506 0.01824817518248175
1 0.3602886290121921 0.2486728599867286 0.008957452102513063 0.01227604512276045
1 0.3783279422741976 0.24767750497677504 0.014680268723563076 0.006967485069674851
1 0.39201293854192587 0.30806237558062377 0.007713361532719582 0.011612475116124751
1 0.3579248569295845 0.2725613802256138 0.0052251803931326205 0.00829462508294625
1 0.35518785767603883 0.2896483078964831 0.005722816621050012 0.013271400132714002
1 0.3948743468524509 0.2679163901791639 0.005971634735008708 0.011612475116124751
1 0.39350584722567805 0.2777040477770405 0.006220452848967405 0.008626410086264101
1 0.39226175665588453 0.2924684804246848 0.008210997760636975 0.014930325149303252
1 0.3895247574023389 0.32299270072992703 0.015177904951480468 0.008958195089581952
1 0.3765862154764867 0.32067020570670207 0.00920627021647176 0.01227604512276045
1 0.3592933565563573 0.32017252820172526 0.021895994028365263 0.011944260119442602
1 0.3559343120179149 0.30474452554744524 0.014680268723563076 0.012939615129396152
1 0.4130380691714357 0.3210019907100199 0.01244090569793481 0.01028533510285335
1 0.42510574769843246 0.32067020570670207 0.010699178900223935 0.010948905109489052
1 0.43667578999751183 0.32017252820172526 0.010450360786265241 0.010617120106171201
1 0.4497387409803434 0.3210019907100199 0.012689723811893506 0.011612475116124751
1 0.45098283155013685 0.2604512276045123 0.00721572530480219 0.009953550099535502
1 0.41366011445633244 0.26028533510285334 0.00721572530480219 0.014930325149303252
1 0.415650659368002 0.2440278699402787 0.00920627021647176 0.012939615129396152
1 0.4232396118437422 0.24834107498341074 0.009952724558347848 0.011612475116124751
1 0.43555610848469767 0.24568679495686796 0.01368499626772829 0.01625746516257465
1 0.44849465041054987 0.24236894492368946 0.01368499626772829 0.02090245520902455
1 0.4925354565812391 0.32514930325149305 0.01617317740731525 0.008626410086264101
1 0.5398108982333913 0.2976111479761115 0.02164717591440657 0.0245520902455209
1 0.5028614083105251 0.23523556735235568 0.0 0.0
1 0.6296342373724807 0.2916390179163902 0.008708633988554367 0.019243530192435302
1 0.5884548395123165 0.31453218314532183 0.008957452102513063 0.0112806901128069
1 0.6016421995521274 0.320836098208361 0.01841254043294352 0.015925680159256803
1 0.6196815128141329 0.3221632382216324 0.01169445135605872 0.014598540145985401
1 0.645434187608858 0.30009953550099533 0.010947997014182632 0.01227604512276045
1 0.6486688230903209 0.31420039814200396 0.01443145060960438 0.012607830126078301
1 0.6597412291614829 0.3156934306569343 0.015177904951480468 0.014930325149303252
1 0.6781537695944265 0.320836098208361 0.024632993281910924 0.0185799601857996
1 0.6444389151530231 0.28550099535500995 0.01244090569793481 0.01227604512276045
1 0.6612341378452351 0.27504976775049766 0.013187360039810898 0.007962840079628402
1 0.6766608609106743 0.27538155275381554 0.013187360039810898 0.006635700066357001
1 0.6909679024632993 0.2811877903118779 0.006966907190843493 0.01692103516921035
1 0.6913411296342373 0.2984406104844061 0.006718089076884797 0.01692103516921035
1 0.7136103508335406 0.23755806237558064 0.015426723065439164 0.017252820172528202
1 0.7348842995770092 0.22561380225613803 0.010699178900223935 0.015262110152621102
1 0.7442149788504603 0.23191771731917718 0.011943269470017417 0.0165892501658925
1 0.7367504354316994 0.2400464499004645 0.012938541925852202 0.01625746516257465
1 0.7254292112465788 0.2281021897810219 0.008210997760636975 0.009621765096217651
1 0.7545409305797462 0.22843397478433974 0.00721572530480219 0.011612475116124751
1 0.7570291117193332 0.24170537491705374 0.01368499626772829 0.014930325149303252
1 0.7106245334660364 0.2539814200398142 0.014929086837521772 0.015593895155938951
1 0.7224433938790744 0.25298606502986065 0.01368499626772829 0.017584605175846053
1 0.7398606618561832 0.2539814200398142 0.015177904951480468 0.014266755142667552
1 0.7393630256282657 0.2685799601857996 0.006718089076884797 0.011612475116124751
1 0.7496889773575516 0.2773722627737226 0.008957452102513063 0.013271400132714002
1 0.7417267977108734 0.2846715328467153 0.01244090569793481 0.0165892501658925
1 0.7092560338392635 0.2773722627737226 0.012192087583976113 0.023224950232249502
1 0.7156008957452102 0.2989382879893829 0.01443145060960438 0.017252820172528202
1 0.7287882557850212 0.30059721300597214 0.013933814381686987 0.0165892501658925
1 0.7407315252550386 0.3070670205706702 0.01244090569793481 0.017584605175846053
1 0.7537944762378701 0.3088918380889184 0.012689723811893506 0.0165892501658925
1 0.7078875342124906 0.3143662906436629 0.01443145060960438 0.013603185136031851
1 0.7210748942523015 0.3122096881220969 0.01443145060960438 0.0185799601857996
1 0.7338890271211744 0.3168546781685468 0.01169445135605872 0.009953550099535502
1 0.7687235630753919 0.31038487060384873 0.012689723811893506 0.01692103516921035
1 0.7684747449614332 0.29346383543463833 0.012192087583976113 0.012939615129396152
1 0.7663597909927843 0.2745520902455209 0.008459815874595671 0.01824817518248175
1 0.7663597909927843 0.2584605175846052 0.004976362279173924 0.011944260119442602
1 0.8101517790495149 0.3294625082946251 0.012938541925852202 0.012607830126078301
1 0.8224682756904703 0.327471798274718 0.010699178900223935 0.015925680159256803
1 0.808783279422742 0.3112143331121433 0.012192087583976113 0.0112806901128069
1 0.8072903707389898 0.2977770404777704 0.011196815128141328 0.011612475116124751
1 0.8065439163971138 0.2821831453218315 0.012192087583976113 0.014266755142667552
1 0.8222194575765116 0.309721300597213 0.008708633988554367 0.013603185136031851
1 0.825578502114954 0.2956204379562044 0.004478726051256532 0.010617120106171201
1 0.81487932321473 0.26907763769077636 0.0 0.0
1 0.8097785518785767 0.27289316522893164 0.007713361532719582 0.01227604512276045
1 0.8475989052002986 0.2592899800928998 0.010201542672306545 0.01824817518248175
1 0.8581736750435431 0.2592899800928998 0.01244090569793481 0.012939615129396152
1 0.8635232644936551 0.26177836761778367 0.012192087583976113 0.0072992700729927005
1 0.8487185867131127 0.27289316522893164 0.010947997014182632 0.011612475116124751
1 0.8507091316247822 0.2825149303251493 0.009952724558347848 0.013603185136031851
1 0.8390146802687236 0.2793629727936297 0.010947997014182632 0.0112806901128069
1 0.8412540432943518 0.29147312541473125 0.012938541925852202 0.01625746516257465
1 0.8487185867131127 0.296449900464499 0.013436178153769594 0.01625746516257465
1 0.8397611346105996 0.3067352355673524 0.011943269470017417 0.014266755142667552
1 0.848469768599154 0.31386861313868614 0.012938541925852202 0.013934970139349702
1 0.8340383179895496 0.31453218314532183 0.010947997014182632 0.013271400132714002
1 0.8401343617815377 0.32514930325149305 0.01169445135605872 0.013934970139349702
1 0.8561831301318736 0.3269741207697412 0.011943269470017417 0.014266755142667552
1 0.867753172430953 0.32614465826144656 0.010201542672306545 0.017252820172528202
1 0.8775814879323215 0.32896483078964833 0.006966907190843493 0.01227604512276045
1 0.8643941278925106 0.3039150630391506 0.012938541925852202 0.015925680159256803
1 0.8819358049265986 0.28898473788984735 0.010699178900223935 0.0165892501658925
1 0.8833043045533715 0.25082946250829463 0.012938541925852202 0.015925680159256803
1 0.8856680766359791 0.2672528201725282 0.012689723811893506 0.01891174518911745
1 0.9126648420004977 0.2601194426011944 0.011943269470017417 0.015925680159256803
1 0.901716844986315 0.27023888520238887 0.012938541925852202 0.014930325149303252
1 0.9004727544165215 0.28682813536828133 0.009455088330430456 0.012939615129396152
1 0.9216222941030107 0.31469807564698077 0.012938541925852202 0.014930325149303252
1 0.9019656631002737 0.3165228931652289 0.01443145060960438 0.013271400132714002
1 0.9331923364020901 0.31536164565361646 0.01169445135605872 0.01692103516921035
1 0.9028365264991292 0.30059721300597214 0.017168449863150036 0.013934970139349702
1 0.9422741975615825 0.31138022561380224 0.010450360786265241 0.015593895155938951
1 0.9605623289375467 0.25514266755142667 0.012689723811893506 0.015925680159256803
1 0.9623040557352576 0.28168546781685466 0.014182632495645683 0.021897810218978103
1 0.9825827320228913 0.28948241539482417 0.012938541925852202 0.01625746516257465
1 0.9790992784274695 0.25099535500995357 0.008459815874595671 0.00829462508294625
1 0.5303558099029609 0.3171864631718646 0.014182632495645683 0.015262110152621102
1 0.1423239611843742 0.40527538155275383 0.0457825329684001 0.06403450564034506
1 0.39873102761881063 0.4202057067020571 0.047026623538193583 0.044127405441274054
1 0.46429460064692707 0.4542136695421367 0.03831798954963921 0.034505640345056404
1 0.5461557601393382 0.4794293297942933 0.0 0.0
1 0.5374471261507838 0.4391174518911745 0.030355809902960936 0.037491705374917056
1 0.6018910176660861 0.4522229595222296 0.03433689972630007 0.043795620437956206
1 0.6281413286887285 0.44591904445919045 0.031102264244837023 0.0378234903782349
1 0.6407066434436427 0.4835766423357664 0.027867628763373974 0.045454545454545456
1 0.5742722070166708 0.46449900464499005 0.023886538940034834 0.023888520238885203
1 0.6895994028365265 0.47976111479761113 0.030106991789002238 0.033178500331785
1 0.7243095297337646 0.46648971466489714 0.039810898233391394 0.025215660252156602
1 0.733018163722319 0.4915394824153948 0.0457825329684001 0.03550099535500995
1 0.772331425727793 0.4377903118779031 0.039810898233391394 0.029528865295288653
1 0.7817865140582234 0.48722627737226276 0.03632744463796964 0.036164565361645654
1 0.8266981836277681 0.48822163238221633 0.04304553371485444 0.03815527538155276
1 0.8212241851206767 0.46134704711347047 0.04752425976611097 0.03151957531519575
1 0.814506096043792 0.4389515593895156 0.04055735257526748 0.029860650298606503
1 0.00908186115949241 0.6413404114134041 0.014182632495645683 0.021897810218978103
1 0.013933814381686987 0.6687126741871268 0.015426723065439164 0.021566025215660253
1 0.004105498880318487 0.674850696748507 0.00721572530480219 0.0205706702057067
1 0.023140084598158746 0.6781685467816855 0.01443145060960438 0.019907100199071003
1 0.05635730281164469 0.6380225613802256 0.01567554117939786 0.0185799601857996
1 0.06033839263498383 0.6227604512276045 0.013187360039810898 0.015262110152621102
1 0.07414779795969147 0.6186131386861314 0.011445633242100024 0.017584605175846053
1 0.08372729534710127 0.6380225613802256 0.013187360039810898 0.0165892501658925
1 0.04652898731027619 0.6841406768414068 0.012938541925852202 0.017252820172528202
1 0.07066434436426972 0.6726940942269409 0.011943269470017417 0.01692103516921035
1 0.0750186613585469 0.6838088918380889 0.014680268723563076 0.0165892501658925
1 0.08596665837272953 0.6758460517584605 0.012689723811893506 0.0165892501658925
1 0.08049265986563822 0.6567684140676842 0.01169445135605872 0.01625746516257465
1 0.09579497387409804 0.6627405441274055 0.01443145060960438 0.019575315195753153
1 0.10014929086837522 0.679329794293298 0.020651903458571784 0.021566025215660253
1 0.10661856183130132 0.6255806237558063 0.01766608609106743 0.017584605175846053
1 0.10885792485692958 0.6426675514266755 0.01816372231898482 0.0185799601857996
1 0.12764369246081114 0.606337093563371 0.013933814381686987 0.01625746516257465
1 0.14319482458322966 0.6181154611811546 0.01368499626772829 0.021897810218978103
1 0.15302314008459816 0.6300597213005972 0.01443145060960438 0.0245520902455209
1 0.15588454839512317 0.6453218314532183 0.008708633988554367 0.014598540145985401
1 0.12552873849216223 0.6338752488387525 0.01617317740731525 0.01824817518248175
1 0.12316496640955461 0.6496350364963503 0.013436178153769594 0.015262110152621102
1 0.1334909181388405 0.6557730590577306 0.014680268723563076 0.01824817518248175
1 0.13336650908186115 0.6715328467153284 0.01642199552127395 0.0165892501658925
1 0.03894003483453595 0.6211015262110152 0.011196815128141328 0.017252820172528202
1 0.21560089574521024 0.6385202388852024 0.034585717840258774 0.032183145321831454
1 0.2320228912664842 0.584107498341075 0.028116446877332668 0.02090245520902455
1 0.24073152525503858 0.610650298606503 0.0261259019656631 0.037491705374917056
1 0.2519283403831799 0.6413404114134041 0.03408808161234138 0.03185136031851361
1 0.24944015924359295 0.6743530192435302 0.023140084598158746 0.03815527538155276
1 0.3082856431948246 0.6688785666887856 0.03682508086588704 0.03185136031851361
1 0.3682508086588704 0.6650630391506304 0.023886538940034834 0.037491705374917056
1 0.34436426971883555 0.6405109489051095 0.0323463548146305 0.032183145321831454
1 0.3410052251803931 0.6139681486396815 0.029111719333167453 0.027538155275381553
1 0.3712366260263747 0.6250829462508295 0.02687235630753919 0.033178500331785
1 0.38703657626275195 0.6385202388852024 0.027121174421497887 0.03550099535500995
1 0.2715849713859169 0.6335434638354346 0.02214481214232396 0.030192435301924354
1 0.2911171933316746 0.6458195089581951 0.02338890271211744 0.04611811546118116
1 0.3271958198556855 0.5894160583941606 0.028365264991291366 0.033510285335102856
1 0.29920378203533216 0.5933974784339748 0.02363772082607614 0.036164565361645654
1 0.3036825080865887 0.6081619110816191 0.02363772082607614 0.030524220305242204
1 0.3029360537447126 0.5615461181154612 0.019158994774819606 0.021566025215660253
1 0.32532968400099527 0.5588918380889184 0.023140084598158746 0.024220305242203054
1 0.348469768599154 0.5620437956204379 0.02363772082607614 0.029860650298606503
1 0.3722318984822095 0.559555408095554 0.021895994028365263 0.026211015262110154
1 0.3994774819606867 0.5635368281353683 0.030106991789002238 0.03417385534173855
1 0.4167703408808161 0.5826144658261446 0.02936053744712615 0.029197080291970802
1 0.43667578999751183 0.5593895155938952 0.025877083851704404 0.0245520902455209
1 0.45023637720826076 0.5844392833443929 0.026623538193580494 0.029528865295288653
1 0.4782284150286141 0.5753151957531519 0.028365264991291366 0.027206370272063702
1 0.477481960686738 0.5965494359654944 0.023886538940034834 0.029197080291970802
1 0.45571037571535206 0.6191108161911082 0.022642448370241354 0.038487060384870604
1 0.47399850709131625 0.6277372262773723 0.026374720079621796 0.0371599203715992
1 0.45894501119681513 0.5569011280690113 0.02363772082607614 0.02090245520902455
1 0.4837024135357054 0.5564034505640345 0.024384175167952226 0.021897810218978103
1 0.5676785269967654 0.6366954213669542 0.032595172928589204 0.0457863304578633
1 0.5329684000995273 0.5695089581950896 0.02488181139586962 0.033510285335102856
1 0.5614580741477979 0.5724950232249503 0.03408808161234138 0.03948241539482415
1 0.5859666583727295 0.5914067684140677 0.02936053744712615 0.03948241539482415
1 0.6107240607116198 0.5648639681486397 0.03159990047275442 0.036164565361645654
1 0.5889524757402339 0.6648971466489715 0.021895994028365263 0.030524220305242204
1 0.615078377705897 0.6728599867285998 0.03085344613087833 0.0411413404114134
1 0.656879820850958 0.6332116788321168 0.030355809902960936 0.045454545454545456
1 0.6496640955461558 0.6657266091572661 0.0323463548146305 0.036828135368281355
1 0.6897238118935058 0.6040145985401459 0.03085344613087833 0.044790975447909755
1 0.7117442149788504 0.6448241539482416 0.03707389897984573 0.04744525547445255
1 0.7321473003234635 0.6736894492368944 0.030106991789002238 0.04744525547445255
1 0.7860164219955212 0.6410086264100863 0.035829808410052254 0.0491041804910418
1 0.755909430206519 0.5671864631718646 0.03085344613087833 0.036164565361645654
1 0.8153769594426474 0.6567684140676842 0.016919631749191342 0.03417385534173855
1 0.8284399104254789 0.6705374917053749 0.022642448370241354 0.025879230258792303
1 0.8489674048270714 0.6751824817518248 0.021895994028365263 0.0185799601857996
1 0.8773326698183628 0.6634041141340411 0.026374720079621796 0.03417385534173855
1 0.8974869370490172 0.6308891838088918 0.02886290121920876 0.032183145321831454
1 0.9261010201542672 0.6159588586595885 0.024384175167952226 0.029528865295288653
1 0.9047026623538194 0.6536164565361645 0.019905449116695697 0.012607830126078301
1 0.9262254292112466 0.6537823490378235 0.02015426723065439 0.01625746516257465
1 0.9448867877581488 0.6539482415394824 0.014182632495645683 0.015262110152621102
1 0.9095546155760139 0.6000331785003318 0.02363772082607614 0.019575315195753153
1 0.81487932321473 0.6086595885865959 0.011445633242100024 0.032846715328467155
1 0.8342871361035084 0.6469807564698076 0.026374720079621796 0.029197080291970802
1 0.9468773326698183 0.564366290643663 0.02562826573774571 0.029197080291970802
1 0.9654142821597412 0.579628400796284 0.014929086837521772 0.0205706702057067
1 0.9863150037322717 0.5846051758460518 0.026374720079621796 0.058394160583941604
1 0.9787260512565314 0.6463171864631718 0.02861408310525006 0.0338420703384207
1 0.9853197312764369 0.6224286662242866 0.023886538940034834 0.0205706702057067
1 0.9613087832794227 0.6086595885865959 0.02861408310525006 0.027538155275381553
1 0.09417765613336651 0.8576642335766423 0.03359044538442399 0.0537491705374917
1 0.11644687733266981 0.8654611811546118 0.04329435182881314 0.05607166556071665
1 0.10263747200796218 0.9319840743198408 0.04354316994277183 0.0497677504976775
1 0.2044040806170689 0.9308228268082283 0.028116446877332668 0.052753815527538155
1 0.2384921622294103 0.942601194426012 0.03159990047275442 0.0338420703384207
1 0.19743717342622544 0.8780690112806901 0.03757153520776312 0.04810882548108825
1 0.18350335904453843 0.8457199734571997 0.02164717591440657 0.0338420703384207
1 0.283777058969893 0.8939946914399469 0.027121174421497887 0.05009953550099536
1 0.3097785518785768 0.8065693430656934 0.03483453595421747 0.042468480424684804
1 0.3621547648668823 0.9205374917053749 0.034585717840258774 0.05607166556071665
1 0.39636725553620306 0.9220305242203053 0.03483453595421747 0.050431320504313204
1 0.4417765613336651 0.7446914399469144 0.029609355561084846 0.02488387524883875
1 0.2677282906195571 0.8098871930988719 0.02936053744712615 0.0371599203715992
1 0.39288380194078126 0.7956204379562044 0.0328439910425479 0.0537491705374917
1 0.40445384423986064 0.7412076974120769 0.03558099029609355 0.0457863304578633
1 0.4300821099776064 0.7869940278699403 0.03558099029609355 0.06436629064366291
1 0.45819855685493904 0.9084273390842734 0.034585717840258774 0.0676841406768414
1 0.4901716844986315 0.9218646317186463 0.04428962428464792 0.061380225613802256
1 0.5315999004727544 0.9386197743861977 0.02761881064941528 0.039814200398142006
1 0.5748942523015675 0.929163901791639 0.05498880318487186 0.06403450564034506
1 0.6225429211246579 0.9299933642999336 0.04528489674048271 0.059721300597213006
1 0.5563573028116446 0.8928334439283344 0.05324707638716099 0.055739880557398806
1 0.6035083354068176 0.8712674187126742 0.05548643941278925 0.06436629064366291
1 0.6504105498880318 0.8951559389515594 0.0457825329684001 0.0683477106834771
1 0.6876088579248569 0.9094226940942269 0.04005971634735009 0.058394160583941604
1 0.7290370738989799 0.9306569343065694 0.056232893754665336 0.0676841406768414
1 0.7692211993033092 0.9397810218978102 0.02861408310525006 0.04346383543463835
1 0.7741975615824832 0.8861977438619775 0.02761881064941528 0.05706702057067021
1 0.7314008459815875 0.8715992037159921 0.05399353072903707 0.0630391506303915
1 0.6922119930330928 0.8528533510285335 0.060213983578004476 0.06801592568015925
1 0.6357302811644687 0.833941605839416 0.05125653147549142 0.06204379562043796
1 0.4634237372480717 0.8470471134704711 0.04851953222194576 0.06702057067020571
1 0.49838268225926846 0.8719309887193099 0.04229907937297835 0.058394160583941604
1 0.47362527992037823 0.8024220305242203 0.04304553371485444 0.060716655607166554
1 0.5648171186862404 0.8321167883211679 0.05324707638716099 0.0743198407431984
1 0.5435431699427719 0.7928002654280026 0.03508335406817616 0.04280026542800265
1 0.5798706145807415 0.778865295288653 0.03956208011943269 0.05209024552090245
1 0.4932819109231152 0.7602853351028533 0.03657626275192834 0.04810882548108825
1 0.5313510823587957 0.752156602521566 0.04205026125901966 0.05706702057067021
1 0.6134610599651654 0.7568015925680159 0.0525006220452849 0.04445919044459191
1 0.6329932819109231 0.7929661579296616 0.0457825329684001 0.035169210351692105
1 0.6571286389649167 0.7599535500995355 0.03533217218213486 0.048772395487723955
1 0.6776561333665091 0.7932979429329794 0.04105498880318487 0.055076310550763105
1 0.7004229907937298 0.7451891174518912 0.02886290121920876 0.023888520238885203
1 0.722318984822095 0.7923025879230259 0.05026125901965663 0.072992700729927
1 0.3546902214481214 0.7504976775049768 0.028116446877332668 0.021897810218978103
1 0.8044289624284648 0.9474120769741208 0.027867628763373974 0.03151957531519575
1 0.8408808161234138 0.9394492368944923 0.04304553371485444 0.045454545454545456
1 0.8107738243344116 0.9157266091572661 0.030106991789002238 0.050431320504313204
1 0.8643941278925106 0.91821499668215 0.03831798954963921 0.05142667551426675
1 0.8867877581487932 0.946748506967485 0.027867628763373974 0.03151957531519575
1 0.9038317989549639 0.9245189117451891 0.03657626275192834 0.05076310550763106
1 0.9172679771087335 0.9571997345719974 0.02861408310525006 0.021234240212342402
1 0.9385419258522021 0.9263437292634373 0.03732271709380443 0.059057730590577305
1 0.968897735755163 0.9265096217650962 0.03682508086588704 0.052753815527538155
1 0.9834535954217467 0.9562043795620438 0.027121174421497887 0.013271400132714002
1 0.989300821099776 0.9215328467153284 0.019905449116695697 0.05209024552090245
1 0.8315501368499627 0.8857000663570007 0.037820353321721824 0.045454545454545456
1 0.9000995272455835 0.8860318513603185 0.04155262503110226 0.05142667551426675
1 0.960313510823588 0.8861977438619775 0.04055735257526748 0.0457863304578633
1 0.8614083105250062 0.8810550763105508 0.03483453595421747 0.045454545454545456
1 0.9216222941030107 0.8573324485733245 0.03334162727046529 0.0404777704047777
1 0.9430206519034585 0.8284671532846716 0.04080617068922618 0.04445919044459191
1 0.9758646429460065 0.843065693430657 0.03483453595421747 0.023224950232249502
1 0.9795969146553869 0.8702720637027206 0.03881562577755661 0.042468480424684804
1 0.9805921871112216 0.8133709356337093 0.03632744463796964 0.036828135368281355
1 0.9558347847723314 0.7936297279362973 0.031102264244837023 0.035169210351692105
1 0.9460064692709629 0.7793629727936298 0.02338890271211744 0.029197080291970802
1 0.9737496889773576 0.7718978102189781 0.03209753670067181 0.04213669542136696
1 0.99427718337895 0.7884870603848706 0.010947997014182632 0.03151957531519575
1 0.7963423737248072 0.8216655607166556 0.0390644438915153 0.04280026542800265
1 0.8015675541179398 0.8004313205043132 0.03657626275192834 0.03550099535500995
1 0.8349091813884051 0.8445587259455872 0.03707389897984573 0.036164565361645654
1 0.8437422244339388 0.8160252156602521 0.035829808410052254 0.045454545454545456
1 0.876337397362528 0.8002654280026543 0.02936053744712615 0.0325149303251493
1 0.8823090320975367 0.8191771731917717 0.03085344613087833 0.0325149303251493
1 0.8884050758895248 0.8379230258792303 0.03060462801691963 0.03948241539482415
1 0.8609106742970888 0.8480424684804246 0.013436178153769594 0.031187790311877902
1 0.9104254789748694 0.8067352355673524 0.03533217218213486 0.040809555408095555
1 0.8439910425478975 0.31917717319177175 0.0 0.0
0 0.0 0.2664233576642336 0.0 0.0
1 0.8821846230405573 0.43015925680159256 0.04453844239860662 0.036828135368281355
1 0.11333665090818612 0.09970139349701393 0.005722816621050012 0.008958195089581952
1 0.10823587957203284 0.11977438619774386 0.006469270962926101 0.008626410086264101
1 0.11905946752923613 0.11114797611147977 0.0032346354814630504 0.0072992700729927005
1 0.12092560338392636 0.10185799601857996 0.005971634735008708 0.012607830126078301
1 0.05424234884299577 0.34472461844724617 0.0 0.0
