0 0.5999503968253969 0.9209656084656085 0.040674603174603176 0.042328042328042326
0 0.42336309523809523 0.9135251322751323 0.056051587301587304 0.05588624338624339
0 0.34523809523809523 0.9093915343915344 0.056051587301587304 0.056878306878306875
0 0.29017857142857145 0.9079034391534392 0.050595238095238096 0.05919312169312169
1 0.5691964285714286 0.11904761904761904 0.03521825396825397 0.09259259259259259
1 0.5730406746031746 0.13988095238095238 0.02058531746031746 0.0496031746031746
1 0.5889136904761905 0.12037037037037036 0.016121031746031748 0.0873015873015873
1 0.5944940476190477 0.08796296296296297 0.041666666666666664 0.0496031746031746
1 0.6946924603174603 0.3888888888888889 0.02132936507936508 0.06481481481481481
1 0.17311507936507936 0.5601851851851852 0.020833333333333332 0.02447089947089947
1 0.1593501984126984 0.5985449735449735 0.024057539682539684 0.0291005291005291
1 0.19828869047619047 0.5714285714285714 0.026537698412698412 0.03439153439153439
1 0.22507440476190477 0.5785383597883598 0.028025793650793652 0.044642857142857144
1 0.21081349206349206 0.6033399470899471 0.027281746031746032 0.05853174603174603
1 0.18415178571428573 0.5958994708994709 0.024057539682539684 0.03373015873015873
1 0.19828869047619047 0.6316137566137566 0.031001984126984128 0.056878306878306875
1 0.16555059523809523 0.6124338624338624 0.03149801587301587 0.028439153439153438
1 0.1467013888888889 0.6451719576719577 0.03794642857142857 0.057539682539682536
1 0.1769593253968254 0.6416997354497355 0.04290674603174603 0.05720899470899471
1 0.27653769841269843 0.6316137566137566 0.10168650793650794 0.12698412698412698
1 0.42919146825396826 0.5833333333333334 0.01066468253968254 0.11772486772486772
1 0.4227430555555556 0.615244708994709 0.012648809523809524 0.11144179894179894
1 0.4027777777777778 0.6364087301587301 0.023313492063492064 0.08498677248677249
1 0.4088541666666667 0.6058201058201058 0.014632936507936508 0.1455026455026455
1 0.39694940476190477 0.6124338624338624 0.019097222222222224 0.13293650793650794
1 0.38740079365079366 0.6137566137566137 0.021825396825396824 0.13095238095238096
1 0.38938492063492064 0.6198743386243386 0.02976190476190476 0.09093915343915344
1 0.3647073412698413 0.6104497354497355 0.026041666666666668 0.13955026455026456
1 0.36259920634920634 0.603505291005291 0.020833333333333332 0.1541005291005291
1 0.35453869047619047 0.6359126984126984 0.018601190476190476 0.0873015873015873
1 0.3472222222222222 0.6254960317460317 0.020833333333333332 0.11078042328042328
1 0.3373015873015873 0.6078042328042328 0.01240079365079365 0.15211640211640212
1 0.3342013888888889 0.6374007936507936 0.02058531746031746 0.08961640211640212
1 0.5353422619047619 0.6316137566137566 0.06721230158730158 0.10714285714285714
1 0.46912202380952384 0.625 0.06324404761904762 0.11044973544973545
1 0.46912202380952384 0.5520833333333334 0.045882936507936505 0.05720899470899471
1 0.5198412698412699 0.5530753968253969 0.05704365079365079 0.05919312169312169
1 0.59375 0.5858134920634921 0.03819444444444445 0.06977513227513228
1 0.5952380952380952 0.5980489417989417 0.028273809523809524 0.04728835978835979
1 0.5980902777777778 0.6165674603174603 0.019593253968253968 0.03935185185185185
1 0.6194196428571429 0.5729166666666666 0.015625 0.035383597883597885
1 0.6171875 0.5879629629629629 0.011656746031746032 0.02447089947089947
1 0.6101190476190477 0.6256613756613757 0.01984126984126984 0.06613756613756613
1 0.6204117063492064 0.6527777777777778 0.030009920634920636 0.03439153439153439
1 0.6346726190476191 0.6312830687830688 0.043154761904761904 0.07275132275132275
1 0.7309027777777778 0.6339285714285714 0.03273809523809524 0.05489417989417989
1 0.8468501984126984 0.6669973544973545 0.04439484126984127 0.05555555555555555
1 0.8898809523809523 0.6398809523809523 0.026785714285714284 0.041666666666666664
1 0.8251488095238095 0.646494708994709 0.028273809523809524 0.05291005291005291
1 0.8219246031746031 0.6068121693121693 0.03571428571428571 0.05886243386243386
1 0.9434523809523809 0.8328373015873016 0.11259920634920635 0.09623015873015874
1 0.6525297619047619 0.8568121693121693 0.037698412698412696 0.05026455026455026
1 0.6333085317460317 0.824239417989418 0.035962301587301584 0.06977513227513228
1 0.6200396825396826 0.8387896825396826 0.033234126984126984 0.09424603174603174
1 0.5844494047619048 0.8354828042328042 0.03546626984126984 0.10482804232804233
1 0.3611111111111111 0.34209656084656087 0.017857142857142856 0.06117724867724868
1 0.37214781746031744 0.3232473544973545 0.015128968253968254 0.04398148148148148
1 0.38777281746031744 0.3315145502645503 0.018601190476190476 0.06183862433862434
1 0.392609126984127 0.3017526455026455 0.010416666666666666 0.03670634920634921
1 0.4087301587301587 0.3115079365079365 0.015873015873015872 0.03505291005291005
1 0.41703869047619047 0.2996031746031746 0.02703373015873016 0.032407407407407406
1 0.4429563492063492 0.3179563492063492 0.022321428571428572 0.022156084656084655
1 0.4290674603174603 0.3419312169312169 0.020337301587301588 0.057539682539682536
1 0.4437003968253968 0.32936507936507936 0.01636904761904762 0.021825396825396824
1 0.4495287698412698 0.3462301587301587 0.016121031746031748 0.03306878306878307
1 0.4350198412698413 0.3462301587301587 0.015376984126984126 0.023148148148148147
1 0.4453125 0.361276455026455 0.014136904761904762 0.026124338624338623
1 0.43005952380952384 0.37202380952380953 0.015873015873015872 0.04431216931216931
1 0.40736607142857145 0.3429232804232804 0.01711309523809524 0.04365079365079365
1 0.41220238095238093 0.3480489417989418 0.015873015873015872 0.03273809523809524
1 0.4140625 0.375 0.015625 0.06415343915343916
1 0.3942212301587302 0.3568121693121693 0.017609126984126984 0.05026455026455026
1 0.3774801587301587 0.35548941798941797 0.018849206349206348 0.03042328042328042
1 0.380828373015873 0.3715277777777778 0.019593253968253968 0.022817460317460316
1 0.3644593253968254 0.3784722222222222 0.016617063492063492 0.021494708994708994
1 0.3523065476190476 0.3781415343915344 0.01066468253968254 0.017526455026455025
1 0.34858630952380953 0.3855820105820106 0.0220734126984127 0.023148148148148147
1 0.35367063492063494 0.40558862433862436 0.030753968253968252 0.05257936507936508
1 0.37214781746031744 0.4107142857142857 0.025049603174603176 0.03902116402116402
1 0.36693948412698413 0.3880621693121693 0.015128968253968254 0.018849206349206348
1 0.37896825396825395 0.39533730158730157 0.012896825396825396 0.040674603174603176
1 0.39112103174603174 0.40757275132275134 0.016865079365079364 0.050595238095238096
1 0.40029761904761907 0.3819444444444444 0.017361111111111112 0.03968253968253968
1 0.4072420634920635 0.4138558201058201 0.018849206349206348 0.03802910052910053
1 0.4232390873015873 0.3996362433862434 0.022569444444444444 0.060515873015873016
1 0.4410962301587302 0.4060846560846561 0.014632936507936508 0.04298941798941799
1 0.4435763888888889 0.3819444444444444 0.015128968253968254 0.027777777777777776
1 0.3488343253968254 0.29712301587301587 0.010168650793650794 0.012235449735449735
1 0.33544146825396826 0.29133597883597884 0.012648809523809524 0.011904761904761904
1 0.3193204365079365 0.28621031746031744 0.009672619047619048 0.01025132275132275
1 0.32341269841269843 0.29282407407407407 0.009424603174603174 0.013558201058201057
1 0.3179563492063492 0.29927248677248675 0.009424603174603174 0.013888888888888888
1 0.33296130952380953 0.3030753968253968 0.016121031746031748 0.013558201058201057
1 0.33630952380952384 0.31084656084656087 0.013392857142857142 0.013888888888888888
1 0.3430059523809524 0.3187830687830688 0.008928571428571428 0.013227513227513227
1 0.34672619047619047 0.328042328042328 0.00992063492063492 0.015873015873015872
1 0.2958829365079365 0.28687169312169314 0.008928571428571428 0.011574074074074073
1 0.27740575396825395 0.29034391534391535 0.014632936507936508 0.011243386243386243
1 0.29389880952380953 0.30076058201058203 0.011904761904761904 0.011574074074074073
1 0.2594246031746032 0.29794973544973546 0.012896825396825396 0.011243386243386243
1 0.310515873015873 0.31398809523809523 0.008432539682539682 0.012235449735449735
1 0.30071924603174605 0.31216931216931215 0.01066468253968254 0.01917989417989418
1 0.2802579365079365 0.30257936507936506 0.01488095238095238 0.012566137566137565
1 0.2720734126984127 0.30241402116402116 0.010416666666666666 0.01488095238095238
1 0.26091269841269843 0.3093584656084656 0.013888888888888888 0.010912698412698412
1 0.25744047619047616 0.31547619047619047 0.015376984126984126 0.017857142857142856
1 0.24665178571428573 0.3070436507936508 0.01066468253968254 0.014219576719576719
1 0.24330357142857142 0.3176256613756614 0.011904761904761904 0.016865079365079364
1 0.24503968253968253 0.3315145502645503 0.011408730158730158 0.016865079365079364
1 0.24466765873015872 0.34341931216931215 0.014136904761904762 0.016203703703703703
1 0.2333829365079365 0.34755291005291006 0.01488095238095238 0.0205026455026455
1 0.2725694444444444 0.3192791005291005 0.00992063492063492 0.013558201058201057
1 0.2672371031746032 0.3296957671957672 0.011656746031746032 0.015873015873015872
1 0.2679811507936508 0.3414351851851852 0.010168650793650794 0.018187830687830687
1 0.2805059523809524 0.31994047619047616 0.010416666666666666 0.020833333333333332
1 0.28881448412698413 0.32523148148148145 0.00818452380952381 0.011574074074074073
1 0.28273809523809523 0.3392857142857143 0.00992063492063492 0.01984126984126984
1 0.29216269841269843 0.3371362433862434 0.010416666666666666 0.016203703703703703
1 0.298859126984127 0.3253968253968254 0.013392857142857142 0.018518518518518517
1 0.3040674603174603 0.33994708994708994 0.00992063492063492 0.017195767195767195
1 0.3125 0.32787698412698413 0.010416666666666666 0.018187830687830687
1 0.3179563492063492 0.33366402116402116 0.013392857142857142 0.01521164021164021
1 0.32601686507936506 0.3275462962962963 0.013640873015873016 0.014219576719576719
1 0.3343253968253968 0.3326719576719577 0.013392857142857142 0.01455026455026455
1 0.33630952380952384 0.3392857142857143 0.008432539682539682 0.013227513227513227
1 0.32663690476190477 0.34507275132275134 0.010912698412698412 0.012896825396825396
1 0.31212797619047616 0.34441137566137564 0.014136904761904762 0.014219576719576719
1 0.33705357142857145 0.35085978835978837 0.008928571428571428 0.017857142857142856
1 0.34052579365079366 0.36177248677248675 0.009424603174603174 0.016534391534391533
1 0.32341269841269843 0.3621031746031746 0.010912698412698412 0.018518518518518517
1 0.3040674603174603 0.3578042328042328 0.01240079365079365 0.017195767195767195
1 0.2945188492063492 0.3533399470899471 0.012648809523809524 0.008928571428571428
1 0.2926587301587302 0.36061507936507936 0.011408730158730158 0.012896825396825396
1 0.27976190476190477 0.35168650793650796 0.010912698412698412 0.027447089947089946
1 0.31225198412698413 0.37351190476190477 0.014384920634920634 0.021494708994708994
1 0.3080357142857143 0.37119708994708994 0.015873015873015872 0.013558201058201057
1 0.2941468253968254 0.3683862433862434 0.011408730158730158 0.01455026455026455
1 0.28918650793650796 0.3751653439153439 0.011408730158730158 0.01488095238095238
1 0.27628968253968256 0.3654100529100529 0.013888888888888888 0.01984126984126984
1 0.3009672619047619 0.3819444444444444 0.010168650793650794 0.011904761904761904
1 0.31572420634920634 0.3812830687830688 0.013888888888888888 0.016534391534391533
1 0.3148561507936508 0.36789021164021163 0.011656746031746032 0.013558201058201057
1 0.3148561507936508 0.35730820105820105 0.010168650793650794 0.011574074074074073
1 0.32849702380952384 0.3845899470899471 0.009672619047619048 0.01917989417989418
1 0.33444940476190477 0.39632936507936506 0.011656746031746032 0.014219576719576719
1 0.31287202380952384 0.39302248677248675 0.011160714285714286 0.011574074074074073
1 0.2896825396825397 0.38855820105820105 0.013888888888888888 0.013888888888888888
1 0.26351686507936506 0.35532407407407407 0.010168650793650794 0.017526455026455025
1 0.26550099206349204 0.3683862433862434 0.018601190476190476 0.01984126984126984
1 0.24379960317460317 0.36326058201058203 0.018353174603174604 0.014219576719576719
1 0.24553571428571427 0.3837632275132275 0.018353174603174604 0.01488095238095238
1 0.24454365079365079 0.39616402116402116 0.013888888888888888 0.013227513227513227
1 0.26512896825396826 0.3834325396825397 0.011408730158730158 0.02017195767195767
1 0.275421626984127 0.39814814814814814 0.014136904761904762 0.011243386243386243
1 0.2513640873015873 0.4150132275132275 0.014632936507936508 0.02513227513227513
1 0.2640128968253968 0.40922619047619047 0.012152777777777778 0.022817460317460316
1 0.2588045634920635 0.42328042328042326 0.01314484126984127 0.015873015873015872
1 0.2770337301587302 0.41435185185185186 0.015376984126984126 0.021825396825396824
1 0.2906746031746032 0.41881613756613756 0.018849206349206348 0.014219576719576719
1 0.2692212301587302 0.388723544973545 0.012648809523809524 0.018187830687830687
1 0.2571924603174603 0.3915343915343915 0.008432539682539682 0.015873015873015872
1 0.15910218253968253 0.341765873015873 0.051835317460317464 0.045965608465608467
1 0.21143353174603174 0.34242724867724866 0.03546626984126984 0.03670634920634921
1 0.2034970238095238 0.3723544973544973 0.04389880952380952 0.04034391534391534
1 0.14211309523809523 0.36706349206349204 0.0496031746031746 0.021825396825396824
1 0.1783234126984127 0.39914021164021163 0.06398809523809523 0.08134920634920635
1 0.11743551587301587 0.3999669312169312 0.057291666666666664 0.06712962962962964
1 0.004464285714285714 0.34441137566137564 0.008928571428571428 0.015542328042328041
1 0.006944444444444444 0.3306878306878307 0.012896825396825396 0.015873015873015872
1 0.01525297619047619 0.32258597883597884 0.01314484126984127 0.014219576719576719
1 0.017857142857142856 0.310515873015873 0.014384920634920634 0.015873015873015872
1 0.026785714285714284 0.3002645502645503 0.014384920634920634 0.015873015873015872
1 0.00248015873015873 0.40162037037037035 0.004464285714285714 0.014219576719576719
1 0.0033482142857142855 0.41550925925925924 0.006696428571428571 0.010912698412698412
1 0.004340277777777778 0.3872354497354497 0.007688492063492063 0.017857142857142856
1 0.007068452380952381 0.3773148148148148 0.013640873015873016 0.01521164021164021
1 0.009548611111111112 0.36607142857142855 0.013640873015873016 0.013888888888888888
1 0.015128968253968254 0.35532407407407407 0.01488095238095238 0.015542328042328041
1 0.022817460317460316 0.33647486772486773 0.015873015873015872 0.016865079365079364
1 0.03236607142857143 0.328042328042328 0.012152777777777778 0.013888888888888888
1 0.03546626984126984 0.3149801587301587 0.014384920634920634 0.016203703703703703
1 0.043402777777777776 0.29927248677248675 0.014384920634920634 0.01521164021164021
1 0.011904761904761904 0.4150132275132275 0.00992063492063492 0.012566137566137565
1 0.01525297619047619 0.398478835978836 0.015625 0.01521164021164021
1 0.015004960317460318 0.3869047619047619 0.013640873015873016 0.013227513227513227
1 0.019097222222222224 0.37549603174603174 0.011904761904761904 0.013558201058201057
1 0.02269345238095238 0.36607142857142855 0.014136904761904762 0.01455026455026455
1 0.026413690476190476 0.34854497354497355 0.013640873015873016 0.01521164021164021
1 0.021825396825396824 0.41451719576719576 0.010912698412698412 0.011574074074074073
1 0.032242063492063495 0.4156746031746032 0.015873015873015872 0.017857142857142856
1 0.046750992063492064 0.416005291005291 0.013640873015873016 0.017195767195767195
1 0.05791170634920635 0.4173280423280423 0.009672619047619048 0.017857142857142856
1 0.028025793650793652 0.3923611111111111 0.015376984126984126 0.01488095238095238
1 0.03149801587301587 0.39897486772486773 0.014384920634920634 0.013558201058201057
1 0.030753968253968252 0.38293650793650796 0.008928571428571428 0.011904761904761904
1 0.04079861111111111 0.3837632275132275 0.015128968253968254 0.016203703703703703
1 0.03571428571428571 0.3707010582010582 0.013888888888888888 0.012566137566137565
1 0.037450396825396824 0.3576388888888889 0.013392857142857142 0.016203703703703703
1 0.04030257936507937 0.3498677248677249 0.012152777777777778 0.01455026455026455
1 0.04501488095238095 0.3384589947089947 0.014136904761904762 0.015542328042328041
1 0.044890873015873016 0.3296957671957672 0.014384920634920634 0.010582010582010581
1 0.051215277777777776 0.31531084656084657 0.014136904761904762 0.016203703703703703
1 0.06510416666666667 0.3005952380952381 0.014632936507936508 0.017195767195767195
1 0.0597718253968254 0.2906746031746032 0.013392857142857142 0.012566137566137565
1 0.057787698412698416 0.4009589947089947 0.013392857142857142 0.012896825396825396
1 0.05133928571428571 0.3776455026455027 0.013392857142857142 0.01521164021164021
1 0.055431547619047616 0.3900462962962963 0.013640873015873016 0.01025132275132275
1 0.0685763888888889 0.39285714285714285 0.015128968253968254 0.01455026455026455
1 0.058159722222222224 0.3816137566137566 0.009176587301587302 0.010582010582010581
1 0.06584821428571429 0.38078703703703703 0.007688492063492063 0.01025132275132275
1 0.07502480158730158 0.38326719576719576 0.014632936507936508 0.01455026455026455
1 0.058159722222222224 0.3654100529100529 0.014632936507936508 0.01455026455026455
1 0.061755952380952384 0.3723544973544973 0.008432539682539682 0.007936507936507936
1 0.0703125 0.37037037037037035 0.010168650793650794 0.010582010582010581
1 0.08159722222222222 0.3698743386243386 0.012896825396825396 0.014219576719576719
1 0.08866567460317461 0.38822751322751325 0.013640873015873016 0.01521164021164021
1 0.09350198412698413 0.37896825396825395 0.01240079365079365 0.013227513227513227
1 0.09871031746031746 0.36706349206349204 0.014384920634920634 0.016534391534391533
1 0.08494543650793651 0.3533399470899471 0.014632936507936508 0.016203703703703703
1 0.10317460317460317 0.35532407407407407 0.013392857142857142 0.015542328042328041
1 0.08903769841269842 0.33878968253968256 0.014384920634920634 0.015542328042328041
1 0.09486607142857142 0.32771164021164023 0.015128968253968254 0.017195767195767195
1 0.09362599206349206 0.3167989417989418 0.013640873015873016 0.012566137566137565
1 0.0998263888888889 0.3060515873015873 0.014136904761904762 0.015542328042328041
1 0.11334325396825397 0.32275132275132273 0.013392857142857142 0.015873015873015872
1 0.11631944444444445 0.3136574074074074 0.013392857142857142 0.012896825396825396
1 0.12078373015873016 0.29662698412698413 0.014384920634920634 0.016534391534391533
1 0.9040178571428571 0.5464616402116402 0.010912698412698412 0.010912698412698412
1 0.912078373015873 0.5434854497354498 0.008680555555555556 0.010912698412698412
1 0.9233630952380952 0.5426587301587301 0.011904761904761904 0.01521164021164021
1 0.9032738095238095 0.5578703703703703 0.010912698412698412 0.011904761904761904
1 0.9157986111111112 0.5534060846560847 0.01314484126984127 0.014219576719576719
1 0.9303075396825397 0.5557208994708994 0.013888888888888888 0.014219576719576719
1 0.9408482142857143 0.548941798941799 0.015128968253968254 0.017195767195767195
1 0.9552331349206349 0.55869708994709 0.01066468253968254 0.012896825396825396
1 0.9427083333333334 0.5625 0.013392857142857142 0.01521164021164021
1 0.9310515873015873 0.5686177248677249 0.013888888888888888 0.01488095238095238
1 0.9167906746031746 0.5649801587301587 0.013640873015873016 0.012235449735449735
1 0.9063740079365079 0.5719246031746031 0.008680555555555556 0.014219576719576719
1 0.9187748015873016 0.578042328042328 0.012648809523809524 0.013227513227513227
1 0.9583333333333334 0.675760582010582 0.013392857142857142 0.01025132275132275
1 0.8859126984126984 0.8611111111111112 0.02132936507936508 0.031746031746031744
1 0.8532986111111112 0.8166335978835979 0.015625 0.028769841269841268
1 0.8747519841269841 0.8291997354497355 0.02132936507936508 0.02943121693121693
1 0.826140873015873 0.8229166666666666 0.020337301587301588 0.034722222222222224
1 0.7965029761904762 0.8561507936507936 0.018105158730158732 0.023148148148148147
1 0.5623759920634921 0.8167989417989417 0.012152777777777778 0.052248677248677246
1 0.5525793650793651 0.8197751322751323 0.013392857142857142 0.0496031746031746
1 0.5435267857142857 0.8133267195767195 0.009672619047619048 0.045304232804232805
1 0.5524553571428571 0.8549933862433863 0.014136904761904762 0.0248015873015873
1 0.48251488095238093 0.8167989417989417 0.006200396825396825 0.028439153439153438
1 0.4807787698412698 0.8100198412698413 0.007688492063492063 0.04398148148148148
1 0.470734126984127 0.8077050264550265 0.015376984126984126 0.03207671957671958
1 0.46490575396825395 0.8245701058201058 0.027529761904761904 0.03009259259259259
1 0.4626736111111111 0.8278769841269841 0.008680555555555556 0.04133597883597884
1 0.47805059523809523 0.843915343915344 0.02703373015873016 0.03373015873015873
1 0.47941468253968256 0.871031746031746 0.01240079365079365 0.013227513227513227
1 0.35032242063492064 0.8019179894179894 0.019593253968253968 0.021164021164021163
1 0.2238343253968254 0.8247354497354498 0.020089285714285716 0.04034391534391534
1 0.21614583333333334 0.8148148148148148 0.020089285714285716 0.017195767195767195
1 0.21726190476190477 0.794808201058201 0.026785714285714284 0.018849206349206348
1 0.1195436507936508 0.7838955026455027 0.020337301587301588 0.01488095238095238
1 0.7619047619047619 0.7921626984126984 0.016865079365079364 0.017526455026455025
1 0.7456597222222222 0.7971230158730159 0.01066468253968254 0.015542328042328041
0 0.026661706349206348 0.17625661375661375 0.051835317460317464 0.06283068783068783
1 0.6783234126984127 0.8065476190476191 0.007936507936507936 0.00992063492063492
1 0.9616815476190477 0.6215277777777778 0.006696428571428571 0.012896825396825396
1 0.9768105158730159 0.6238425925925926 0.007688492063492063 0.011574074074074073
1 0.9708581349206349 0.6258267195767195 0.011656746031746032 0.01025132275132275
1 0.9541170634920635 0.6203703703703703 0.01240079365079365 0.010582010582010581
1 0.9454365079365079 0.626984126984127 0.01636904761904762 0.013888888888888888
1 0.9350198412698413 0.634755291005291 0.010912698412698412 0.011574074074074073
1 0.9572172619047619 0.6302910052910053 0.01066468253968254 0.012566137566137565
1 0.9862351190476191 0.6246693121693122 0.014136904761904762 0.01521164021164021
1 0.9851190476190477 0.6390542328042328 0.01240079365079365 0.013558201058201057
1 0.9940476190476191 0.6403769841269841 0.007936507936507936 0.012896825396825396
1 0.8638392857142857 0.8589616402116402 0.024305555555555556 0.044642857142857144
0 0.3003472222222222 0.4573412698412698 0.05505952380952381 0.047619047619047616
0 0.14087301587301587 0.44775132275132273 0.052083333333333336 0.06944444444444445
0 0.048859126984126984 0.46412037037037035 0.04365079365079365 0.03869047619047619
0 0.07738095238095238 0.7151124338624338 0.05654761904761905 0.040674603174603176
0 0.24144345238095238 0.9069113756613757 0.046875 0.05588624338624339
1 0.7154017857142857 0.40922619047619047 0.028521825396825396 0.04133597883597884
1 0.7766617063492064 0.3290343915343915 0.023065476190476192 0.06283068783068783
1 0.6682787698412699 0.39269179894179895 0.024057539682539684 0.02546296296296296
1 0.6429811507936508 0.4236111111111111 0.028025793650793652 0.021164021164021163
1 0.6440972222222222 0.40046296296296297 0.026785714285714284 0.02976190476190476
1 0.6294642857142857 0.37136243386243384 0.03720238095238095 0.021164021164021163
1 0.6246279761904762 0.390542328042328 0.02703373015873016 0.03439153439153439
1 0.6302083333333334 0.421792328042328 0.011408730158730158 0.028769841269841268
1 0.6102430555555556 0.4203042328042328 0.027529761904761904 0.031746031746031744
1 0.6078869047619048 0.40046296296296297 0.028769841269841268 0.03042328042328042
1 0.6023065476190477 0.3826058201058201 0.02058531746031746 0.026455026455026454
1 0.5166170634920635 0.30770502645502645 0.036210317460317464 0.040674603174603176
1 0.5513392857142857 0.33482142857142855 0.03422619047619048 0.049933862433862435
1 0.5518353174603174 0.36408730158730157 0.025793650793650792 0.04431216931216931
1 0.5171130952380952 0.353505291005291 0.04563492063492063 0.07605820105820106
1 0.4799107142857143 0.35300925925925924 0.027777777777777776 0.03802910052910053
1 0.4820188492063492 0.37103174603174605 0.031994047619047616 0.031084656084656083
1 0.48660714285714285 0.3968253968253968 0.05109126984126984 0.046296296296296294
1 0.5407986111111112 0.39632936507936506 0.05530753968253968 0.04662698412698413
1 0.06882440476190477 0.6084656084656085 0.12375992063492064 0.14682539682539683
1 0.11793154761904762 0.6463293650793651 0.03447420634920635 0.049933862433862435
1 0.1277281746031746 0.613260582010582 0.03571428571428571 0.0333994708994709
1 0.1362847222222222 0.5987103174603174 0.023561507936507936 0.030753968253968252
1 0.15947420634920634 0.578207671957672 0.022817460317460316 0.023478835978835978
1 0.7533482142857143 0.8177910052910053 0.012152777777777778 0.00992063492063492
1 0.7125496031746031 0.8427579365079365 0.00744047619047619 0.011574074074074073
0 0.1736111111111111 0.1744378306878307 0.06696428571428571 0.06183862433862434
0 0.15104166666666666 0.7175925925925926 0.056051587301587304 0.037037037037037035
0 0.29228670634920634 0.7250330687830688 0.03447420634920635 0.0248015873015873
0 0.3819444444444444 0.7212301587301587 0.03720238095238095 0.032407407407407406
0 0.48995535714285715 0.7202380952380952 0.031001984126984128 0.03439153439153439
0 0.6199156746031746 0.7265211640211641 0.031001984126984128 0.02513227513227513
0 0.7384672619047619 0.7192460317460317 0.05282738095238095 0.04563492063492063
0 0.8793402777777778 0.7197420634920635 0.05530753968253968 0.04398148148148148
1 0.22371031746031747 0.11127645502645503 0.07093253968253968 0.07837301587301587
1 0.2535962301587302 0.06117724867724868 0.046875 0.06878306878306878
1 0.28100198412698413 0.09887566137566138 0.05555555555555555 0.06746031746031746
1 0.3060515873015873 0.12450396825396826 0.053075396825396824 0.05191798941798942
1 0.32341269841269843 0.06861772486772487 0.05357142857142857 0.07308201058201058
1 0.36904761904761907 0.0744047619047619 0.057539682539682536 0.07142857142857142
1 0.4148065476190476 0.10201719576719577 0.03546626984126984 0.04794973544973545
1 0.43861607142857145 0.1130952380952381 0.026041666666666668 0.03835978835978836
1 0.46924603174603174 0.1359126984126984 0.02132936507936508 0.021164021164021163
1 0.4939236111111111 0.13045634920634921 0.026041666666666668 0.027447089947089946
1 0.4765625 0.11706349206349206 0.024057539682539684 0.027777777777777776
1 0.46403769841269843 0.0958994708994709 0.022817460317460316 0.0291005291005291
1 0.4626736111111111 0.0667989417989418 0.023561507936507936 0.0291005291005291
1 0.48487103174603174 0.06101190476190476 0.019345238095238096 0.022156084656084655
1 0.5011160714285714 0.062003968253968256 0.023561507936507936 0.02414021164021164
1 0.4789186507936508 0.08267195767195767 0.021825396825396824 0.03439153439153439
1 0.5009920634920635 0.10168650793650794 0.023313492063492064 0.03273809523809524
1 0.5306299603174603 0.07291666666666667 0.02703373015873016 0.02943121693121693
1 0.527281746031746 0.10532407407407407 0.02132936507936508 0.040013227513227514
1 0.5554315476190477 0.09490740740740741 0.04389880952380952 0.062169312169312166
1 0.5593998015873016 0.12533068783068782 0.03447420634920635 0.04828042328042328
0 0.37822420634920634 0.4540343915343915 0.054563492063492064 0.051587301587301584
1 0.5931299603174603 0.115244708994709 0.029513888888888888 0.07043650793650794
1 0.6156994047619048 0.1111111111111111 0.04538690476190476 0.083994708994709
1 0.6111111111111112 0.1195436507936508 0.037698412698412696 0.08763227513227513
1 0.6593501984126984 0.13260582010582012 0.04141865079365079 0.06878306878306878
1 0.6567460317460317 0.10383597883597884 0.03422619047619048 0.06547619047619048
1 0.734375 0.07787698412698413 0.034722222222222224 0.05787037037037037
1 0.8410218253968254 0.35962301587301587 0.027777777777777776 0.035383597883597885
1 0.8654513888888888 0.37979497354497355 0.03298611111111111 0.040674603174603176
1 0.8436259920634921 0.3802910052910053 0.018105158730158732 0.027116402116402115
1 0.7540922619047619 0.4264219576719577 0.06572420634920635 0.010912698412698412
1 0.7914186507936508 0.4169973544973545 0.03819444444444445 0.025793650793650792
1 0.7873263888888888 0.40757275132275134 0.06721230158730158 0.0419973544973545
1 0.7513640873015873 0.41087962962962965 0.07762896825396826 0.04728835978835979
1 0.7464037698412699 0.39451058201058203 0.03447420634920635 0.018518518518518517
1 0.7447916666666666 0.3794642857142857 0.07886904761904762 0.03207671957671958
1 0.6743551587301587 0.785218253968254 0.008928571428571428 0.006944444444444444
1 0.7734375 0.3414351851851852 0.012648809523809524 0.04927248677248677
1 0.7583085317460317 0.3288690476190476 0.018601190476190476 0.05257936507936508
1 0.7521081349206349 0.3353174603174603 0.015128968253968254 0.05291005291005291
1 0.7419394841269841 0.32837301587301587 0.019593253968253968 0.05555555555555555
1 0.7216021825396826 0.3296957671957672 0.02058531746031746 0.056878306878306875
1 0.7101934523809523 0.33035714285714285 0.02058531746031746 0.056216931216931214
1 0.7033730158730159 0.34375 0.024305555555555556 0.05919312169312169
1 0.6889880952380952 0.33283730158730157 0.016865079365079364 0.05654761904761905
1 0.7394593253968254 0.2951388888888889 0.078125 0.015542328042328041
1 0.6703869047619048 0.4244378306878307 0.028273809523809524 0.018849206349206348
1 0.6703869047619048 0.4128637566137566 0.028769841269841268 0.030753968253968252
1 0.7380952380952381 0.12119708994708994 0.039186507936507936 0.06845238095238096
1 0.8147321428571429 0.049107142857142856 0.08531746031746032 0.09821428571428571
1 0.8364335317460317 0.10317460317460317 0.09350198412698413 0.09060846560846561
1 0.8874007936507936 0.04894179894179894 0.11061507936507936 0.09788359788359788
1 0.8807043650793651 0.1349206349206349 0.053075396825396824 0.036375661375661374
1 0.8938492063492064 0.1111111111111111 0.03521825396825397 0.03306878306878307
1 0.9797867063492064 0.38855820105820105 0.03943452380952381 0.08134920634920635
1 0.9410962301587301 0.39616402116402116 0.03546626984126984 0.031746031746031744
1 0.9280753968253969 0.3738425925925926 0.025793650793650792 0.03736772486772487
1 0.9027777777777778 0.3844246031746032 0.03373015873015873 0.03207671957671958
1 0.8934771825396826 0.39451058201058203 0.03447420634920635 0.0291005291005291
1 0.8938492063492064 0.35466269841269843 0.03422619047619048 0.040013227513227514
1 0.9043898809523809 0.3351521164021164 0.023561507936507936 0.02546296296296296
1 0.8792162698412699 0.32688492063492064 0.026785714285714284 0.022156084656084655
1 0.8758680555555556 0.3416005291005291 0.019097222222222224 0.012566137566137565
1 0.8559027777777778 0.3394510582010582 0.018353174603174604 0.011574074074074073
1 0.8640873015873016 0.35367063492063494 0.025297619047619048 0.022817460317460316
0 0.956969246031746 0.7296626984126984 0.07713293650793651 0.02546296296296296
0 0.9706101190476191 0.9280753968253969 0.04538690476190476 0.0419973544973545
0 0.8436259920634921 0.9267526455026455 0.05084325396825397 0.04662698412698413
0 0.6721230158730159 0.917989417989418 0.05704365079365079 0.05357142857142857
1 0.06436011904761904 0.11673280423280423 0.08258928571428571 0.08333333333333333
1 0.14967757936507936 0.11375661375661375 0.08258928571428571 0.083994708994709
1 0.5305059523809523 0.8270502645502645 0.011408730158730158 0.04894179894179894
1 0.5193452380952381 0.8764880952380952 0.012896825396825396 0.015542328042328041
1 0.49206349206349204 0.8151455026455027 0.00744047619047619 0.031746031746031744
1 0.4573412698412698 0.8551587301587301 0.015376984126984126 0.016534391534391533
1 0.33122519841269843 0.8237433862433863 0.023561507936507936 0.031746031746031744
1 0.3306051587301587 0.8520171957671958 0.02628968253968254 0.03207671957671958
1 0.13529265873015872 0.8062169312169312 0.018105158730158732 0.023148148148148147
1 0.7702132936507936 0.80869708994709 0.014136904761904762 0.02017195767195767
1 0.7229662698412699 0.8293650793650794 0.013888888888888888 0.023809523809523808
1 0.7217261904761905 0.8440806878306878 0.011904761904761904 0.008267195767195767
1 0.7243303571428571 0.7992724867724867 0.012648809523809524 0.013888888888888888
1 0.6879960317460317 0.8115079365079365 0.010416666666666666 0.011243386243386243
0 0.10590277777777778 0.9150132275132276 0.03869047619047619 0.037698412698412696
1 0.032862103174603176 0.062169312169312166 0.0642361111111111 0.03042328042328042
1 0.01103670634920635 0.11259920634920635 0.020089285714285716 0.06316137566137567
1 0.09263392857142858 0.040013227513227514 0.06324404761904762 0.07539682539682539
1 0.1545138888888889 0.03406084656084656 0.05555555555555555 0.06481481481481481
1 0.20932539682539683 0.042162698412698416 0.04811507936507937 0.07705026455026455
1 0.36049107142857145 0.12334656084656084 0.05679563492063492 0.052248677248677246
1 0.5323660714285714 0.1476521164021164 0.030009920634920636 0.04861111111111111
1 0.5435267857142857 0.14434523809523808 0.03298611111111111 0.04133597883597884
1 0.558531746031746 0.072255291005291 0.030257936507936508 0.02943121693121693
1 0.6563740079365079 0.06861772486772487 0.03249007936507937 0.05125661375661376
1 0.6688988095238095 0.035383597883597885 0.03670634920634921 0.0701058201058201
1 0.6999007936507936 0.13128306878306878 0.041666666666666664 0.061507936507936505
1 0.6994047619047619 0.09408068783068783 0.034722222222222224 0.0539021164021164
1 0.6960565476190477 0.062169312169312166 0.03943452380952381 0.04828042328042328
1 0.7309027777777778 0.041666666666666664 0.034722222222222224 0.06283068783068783
1 0.9450644841269841 0.05654761904761905 0.07564484126984126 0.08796296296296297
1 0.9337797619047619 0.1207010582010582 0.057539682539682536 0.05357142857142857
1 0.9799107142857143 0.0958994708994709 0.039186507936507936 0.09523809523809523
1 0.9548611111111112 0.33812830687830686 0.0798611111111111 0.10085978835978836
1 0.6925843253968254 0.798941798941799 0.013640873015873016 0.013888888888888888
1 0.9264632936507936 0.6388888888888888 0.00818452380952381 0.013888888888888888
1 0.9317956349206349 0.644510582010582 0.009424603174603174 0.011243386243386243
1 0.9403521825396826 0.6476521164021164 0.01066468253968254 0.016203703703703703
1 0.9490327380952381 0.6392195767195767 0.014136904761904762 0.01455026455026455
1 0.4671378968253968 0.8645833333333334 0.012152777777777778 0.012896825396825396
1 0.4211309523809524 0.8039021164021164 0.03521825396825397 0.04497354497354497
1 0.7084573412698413 0.7976190476190477 0.018601190476190476 0.017857142857142856
1 0.8950892857142857 0.6645171957671958 0.046130952380952384 0.060515873015873016
1 0.6753472222222222 0.7951388888888888 0.008928571428571428 0.016203703703703703
1 0.9095982142857143 0.5849867724867724 0.011160714285714286 0.013227513227513227
1 0.9128224206349206 0.5978835978835979 0.009176587301587302 0.01455026455026455
1 0.9207589285714286 0.5914351851851852 0.010168650793650794 0.013558201058201057
1 0.9306795634920635 0.5891203703703703 0.013640873015873016 0.016203703703703703
1 0.9429563492063492 0.5777116402116402 0.013392857142857142 0.013227513227513227
1 0.9553571428571429 0.5706018518518519 0.010912698412698412 0.010912698412698412
1 0.9169146825396826 0.6087962962962963 0.008928571428571428 0.011904761904761904
1 0.9242311507936508 0.6026785714285714 0.012152777777777778 0.012235449735449735
1 0.9371279761904762 0.6005291005291006 0.015128968253968254 0.013888888888888888
1 0.9968998015873016 0.669973544973545 0.005704365079365079 0.011904761904761904
1 0.6929563492063492 0.7880291005291006 0.012896825396825396 0.010582010582010581
1 0.5238095238095238 0.8244047619047619 0.027281746031746032 0.021164021164021163
1 0.5202132936507936 0.833994708994709 0.022569444444444444 0.017195767195767195
1 0.5283978174603174 0.8616071428571429 0.016617063492063492 0.022817460317460316
1 0.5128968253968254 0.8599537037037037 0.01984126984126984 0.034722222222222224
1 0.5079365079365079 0.7908399470899471 0.00992063492063492 0.023478835978835978
1 0.5035962301587301 0.814484126984127 0.018105158730158732 0.06283068783068783
1 0.4975198412698413 0.8629298941798942 0.019345238095238096 0.02943121693121693
1 0.4949156746031746 0.8432539682539683 0.016121031746031748 0.01917989417989418
1 0.48251488095238093 0.8579695767195767 0.014136904761904762 0.02017195767195767
1 0.9456845238095238 0.5901124338624338 0.01240079365079365 0.013558201058201057
1 0.9554811507936508 0.5821759259259259 0.011160714285714286 0.013558201058201057
1 0.9651537698412699 0.580026455026455 0.01066468253968254 0.013888888888888888
1 0.9205109126984127 0.6203703703703703 0.009672619047619048 0.013227513227513227
1 0.9280753968253969 0.6154100529100529 0.01240079365079365 0.01455026455026455
1 0.9391121031746031 0.6142526455026455 0.012648809523809524 0.015542328042328041
1 0.9564732142857143 0.6026785714285714 0.016121031746031748 0.017526455026455025
1 0.96875 0.6031746031746031 0.01240079365079365 0.016534391534391533
1 0.9693700396825397 0.5907738095238095 0.011656746031746032 0.012235449735449735
1 0.9779265873015873 0.5836640211640212 0.011408730158730158 0.013227513227513227
1 0.9880952380952381 0.5798611111111112 0.010912698412698412 0.012896825396825396
1 0.9765625 0.5992063492063492 0.01066468253968254 0.013227513227513227
1 0.9841269841269841 0.5945767195767195 0.011408730158730158 0.017195767195767195
1 0.9957837301587301 0.5876322751322751 0.007936507936507936 0.013227513227513227
1 0.9944196428571429 0.5985449735449735 0.009672619047619048 0.013888888888888888
1 0.9895833333333334 0.6031746031746031 0.010416666666666666 0.009259259259259259
1 0.9925595238095238 0.6122685185185185 0.011408730158730158 0.013558201058201057
1 0.9800347222222222 0.6102843915343915 0.012152777777777778 0.01488095238095238
1 0.9681299603174603 0.6157407407407407 0.009176587301587302 0.010582010582010581
1 0.6969246031746031 0.8239087301587301 0.011408730158730158 0.014219576719576719
1 0.5708085317460317 0.5697751322751323 0.030009920634920636 0.041666666666666664
1 0.9728422619047619 0.634755291005291 0.012152777777777778 0.014219576719576719
1 0.9632936507936508 0.6410383597883598 0.011904761904761904 0.012896825396825396
1 0.9964037698412699 0.6595568783068783 0.006696428571428571 0.011574074074074073
1 0.9893353174603174 0.6516203703703703 0.010912698412698412 0.014219576719576719
1 0.9771825396825397 0.6491402116402116 0.011408730158730158 0.011904761904761904
1 0.9678819444444444 0.6537698412698413 0.013640873015873016 0.013227513227513227
1 0.9892113095238095 0.6650132275132276 0.011656746031746032 0.01455026455026455
1 0.978546626984127 0.6661706349206349 0.012152777777777778 0.015542328042328041
1 0.9957837301587301 0.6818783068783069 0.007936507936507936 0.01455026455026455
1 0.9873511904761905 0.6789021164021164 0.015376984126984126 0.01984126984126984
1 0.9825148809523809 0.6820436507936508 0.010168650793650794 0.016203703703703703
1 0.972718253968254 0.6767526455026455 0.01488095238095238 0.01488095238095238
1 0.9663938492063492 0.667989417989418 0.016121031746031748 0.01521164021164021
1 0.9523809523809523 0.6663359788359788 0.01636904761904762 0.012566137566137565
1 0.5240575396825397 0.8019179894179894 0.030257936507936508 0.016534391534391533
1 0.35615079365079366 0.8227513227513228 0.02132936507936508 0.0205026455026455
1 0.35726686507936506 0.8518518518518519 0.02703373015873016 0.03505291005291005
1 0.8596230158730159 0.8034060846560847 0.018849206349206348 0.026124338624338623
1 0.8405257936507936 0.8629298941798942 0.022321428571428572 0.026124338624338623
1 0.8185763888888888 0.855489417989418 0.0220734126984127 0.03373015873015873
1 0.5426587301587301 0.8467261904761905 0.011904761904761904 0.026124338624338623
1 0.5403025793650794 0.8191137566137566 0.011160714285714286 0.0291005291005291
1 0.542906746031746 0.8705357142857143 0.013888888888888888 0.016203703703703703
1 0.5198412698412699 0.8005952380952381 0.010912698412698412 0.03571428571428571
1 0.2058531746031746 0.8034060846560847 0.02976190476190476 0.020833333333333332
1 0.2017609126984127 0.839781746031746 0.021577380952380952 0.05324074074074074
1 0.19109623015873015 0.8146494708994709 0.01066468253968254 0.01951058201058201
1 0.1814236111111111 0.7918320105820106 0.01711309523809524 0.02414021164021164
1 0.1722470238095238 0.8151455026455027 0.023561507936507936 0.04298941798941799
1 0.18018353174603174 0.833994708994709 0.024057539682539684 0.02447089947089947
1 0.11780753968253968 0.8078703703703703 0.028273809523809524 0.0291005291005291
1 0.08717757936507936 0.7931547619047619 0.023065476190476192 0.030753968253968252
1 0.08506944444444445 0.8604497354497355 0.02132936507936508 0.021825396825396824
1 0.055431547619047616 0.8298611111111112 0.026537698412698412 0.03009259259259259
1 0.031374007936507936 0.8447420634920635 0.02703373015873016 0.04398148148148148
1 0.4007936507936508 0.8273809523809523 0.023809523809523808 0.032407407407407406
1 0.41555059523809523 0.8518518518518519 0.017609126984126984 0.0291005291005291
1 0.392609126984127 0.8531746031746031 0.02628968253968254 0.036375661375661374
1 0.271453373015873 0.8528439153439153 0.027529761904761904 0.0291005291005291
1 0.25496031746031744 0.8349867724867724 0.034722222222222224 0.04828042328042328
1 0.10714285714285714 0.8331679894179894 0.02132936507936508 0.02017195767195767
1 0.1001984126984127 0.78505291005291 0.022817460317460316 0.017195767195767195
1 0.07093253968253968 0.8275462962962963 0.030753968253968252 0.03935185185185185
1 0.7749255952380952 0.8209325396825397 0.010168650793650794 0.020833333333333332
1 0.7430555555555556 0.8220899470899471 0.010416666666666666 0.010582010582010581
1 0.7392113095238095 0.845734126984127 0.011160714285714286 0.008928571428571428
1 0.7173859126984127 0.8371362433862434 0.010168650793650794 0.012896825396825396
1 0.7242063492063492 0.785218253968254 0.00992063492063492 0.005621693121693121
1 0.7280505952380952 0.7908399470899471 0.01066468253968254 0.00958994708994709
1 0.7171378968253969 0.791005291005291 0.010168650793650794 0.013888888888888888
1 0.8604910714285714 0.6155753968253969 0.03695436507936508 0.07242063492063493
1 0.8630952380952381 0.5805224867724867 0.03521825396825397 0.040013227513227514
1 0.7333829365079365 0.810681216931217 0.013392857142857142 0.016203703703703703
1 0.7017609126984127 0.8148148148148148 0.015625 0.02447089947089947
1 0.7313988095238095 0.32919973544973546 0.021825396825396824 0.05654761904761905
0 0.35267857142857145 0.17046957671957672 0.05406746031746032 0.05919312169312169
0 0.4704861111111111 0.17410714285714285 0.033234126984126984 0.04794973544973545
0 0.6076388888888888 0.19212962962962962 0.05009920634920635 0.05423280423280423
0 0.7161458333333334 0.1818783068783069 0.05580357142857143 0.06349206349206349
0 0.8540426587301587 0.17840608465608465 0.044890873015873016 0.05125661375661376
0 0.9398561507936508 0.45453042328042326 0.06225198412698413 0.04662698412698413
0 0.7687251984126984 0.45634920634920634 0.056299603174603176 0.04563492063492063
0 0.6543898809523809 0.45519179894179895 0.050347222222222224 0.050595238095238096
0 0.517609126984127 0.4494047619047619 0.04365079365079365 0.06349206349206349
1 0.3787202380952381 0.7994378306878307 0.025297619047619048 0.035383597883597885
1 0.28695436507936506 0.8146494708994709 0.027281746031746032 0.04794973544973545
1 0.3040674603174603 0.8462301587301587 0.039186507936507936 0.04365079365079365
1 0.1378968253968254 0.7860449735449735 0.02976190476190476 0.017195767195767195
1 0.09573412698412699 0.8141534391534392 0.021825396825396824 0.041666666666666664
1 0.7514880952380952 0.8462301587301587 0.010912698412698412 0.007275132275132275
1 0.7462797619047619 0.8387896825396826 0.012896825396825396 0.02017195767195767
1 0.17943948412698413 0.853505291005291 0.028025793650793652 0.031746031746031744
1 0.15290178571428573 0.8604497354497355 0.024057539682539684 0.022486772486772486
1 0.15203373015873015 0.8311838624338624 0.03373015873015873 0.03273809523809524
1 0.16294642857142858 0.7865410052910053 0.018849206349206348 0.016203703703703703
1 0.15290178571428573 0.8048941798941799 0.020089285714285716 0.021825396825396824
1 0.13268849206349206 0.8556547619047619 0.05009920634920635 0.02943121693121693
1 0.7542162698412699 0.8060515873015873 0.013392857142857142 0.016865079365079364
1 0.7632688492063492 0.8288690476190477 0.01066468253968254 0.018187830687830687
1 0.7344990079365079 0.8363095238095238 0.012648809523809524 0.017857142857142856
1 0.48933531746031744 0.31712962962962965 0.022817460317460316 0.06481481481481481
1 0.5889136904761905 0.6413690476190477 0.03249007936507937 0.04332010582010582
1 0.7522321428571429 0.8316798941798942 0.013888888888888888 0.023148148148148147
1 0.6822916666666666 0.7913359788359788 0.008432539682539682 0.016534391534391533
1 0.6340525793650794 0.5929232804232805 0.022569444444444444 0.08068783068783068
1 0.6537698412698413 0.6203703703703703 0.018353174603174604 0.07208994708994709
1 0.6989087301587301 0.6574074074074074 0.050595238095238096 0.08068783068783068
1 0.7477678571428571 0.6653439153439153 0.0441468253968254 0.06018518518518518
1 0.7003968253968254 0.607473544973545 0.03571428571428571 0.03571428571428571
1 0.7371031746031746 0.7997685185185185 0.011904761904761904 0.01488095238095238
1 0.7109375 0.8263888888888888 0.011160714285714286 0.010582010582010581
1 0.04873511904761905 0.8558201058201058 0.020089285714285716 0.023148148148148147
1 0.7483878968253969 0.7886904761904762 0.009672619047619048 0.011904761904761904
1 0.11011904761904762 0.8467261904761905 0.043154761904761904 0.04133597883597884
1 0.31361607142857145 0.80869708994709 0.031994047619047616 0.03670634920634921
1 0.32242063492063494 0.7915013227513228 0.03373015873015873 0.023478835978835978
1 0.07155257936507936 0.8495370370370371 0.0339781746031746 0.04034391534391534
1 0.7300347222222222 0.8182870370370371 0.015128968253968254 0.016203703703703703
1 0.7436755952380952 0.8111772486772487 0.008680555555555556 0.011243386243386243
1 0.7357390873015873 0.7881944444444444 0.011656746031746032 0.010912698412698412
1 0.7586805555555556 0.8434193121693122 0.006448412698412698 0.010912698412698412
1 0.10652281746031746 0.34408068783068785 0.01314484126984127 0.016203703703703703
1 0.5327380952380952 0.8771494708994709 0.013888888888888888 0.00958994708994709
1 0.044642857142857144 0.40046296296296297 0.013888888888888888 0.012566137566137565
1 0.7161458333333334 0.812665343915344 0.01314484126984127 0.015542328042328041
1 0.9536210317460317 0.6514550264550265 0.013392857142857142 0.017195767195767195
1 0.9789186507936508 0.6565806878306878 0.008928571428571428 0.01025132275132275
1 0.9485367063492064 0.607473544973545 0.011656746031746032 0.015873015873015872
