1 0.9577256944444444 0.073046875 0.05434027777777778 0.14609375
1 0.8575520833333333 0.07434895833333334 0.05329861111111111 0.14869791666666668
1 0.4948784722222222 0.07291666666666667 0.035243055555555555 0.14427083333333332
1 0.46111111111111114 0.072265625 0.03715277777777778 0.14348958333333334
1 0.4287326388888889 0.07239583333333334 0.036284722222222225 0.14322916666666666
1 0.3970486111111111 0.07317708333333334 0.03611111111111111 0.14322916666666666
1 0.3642361111111111 0.071875 0.03819444444444445 0.14375
1 0.33793402777777776 0.07135416666666666 0.02795138888888889 0.14114583333333333
1 0.2986979166666667 0.07265625 0.04114583333333333 0.14270833333333333
1 0.2647569444444444 0.072265625 0.040625 0.14192708333333334
1 0.23350694444444445 0.07135416666666666 0.03993055555555555 0.14270833333333333
1 0.8774305555555556 0.30638020833333335 0.05520833333333333 0.23151041666666666
1 0.8318576388888889 0.3079427083333333 0.052256944444444446 0.22630208333333332
1 0.4013888888888889 0.3296875 0.03715277777777778 0.17447916666666666
1 0.3702256944444444 0.3296875 0.035590277777777776 0.17291666666666666
1 0.3404513888888889 0.3299479166666667 0.034375 0.17291666666666666
1 0.31267361111111114 0.333203125 0.03125 0.16588541666666667
1 0.29140625 0.32916666666666666 0.03940972222222222 0.17239583333333333
1 0.26284722222222223 0.33450520833333336 0.023958333333333335 0.16223958333333333
1 0.24470486111111112 0.330078125 0.04010416666666667 0.17109375
1 0.21232638888888888 0.3279947916666667 0.041666666666666664 0.17161458333333332
1 0.5664930555555555 0.7421875 0.029166666666666667 0.04583333333333333
1 0.5412326388888888 0.7411458333333333 0.022048611111111113 0.04479166666666667
1 0.9572048611111111 0.7845052083333334 0.03350694444444444 0.038802083333333334
1 0.9252604166666667 0.783984375 0.0390625 0.03671875
1 0.89765625 0.78203125 0.04079861111111111 0.040625
1 0.8725694444444444 0.7787760416666667 0.03854166666666667 0.045572916666666664
1 0.8316840277777777 0.7627604166666667 0.06510416666666667 0.07604166666666666
1 0.7995659722222223 0.7598958333333333 0.06684027777777778 0.08385416666666666
1 0.7750868055555555 0.759765625 0.0640625 0.08463541666666667
1 0.7506944444444444 0.759765625 0.06180555555555556 0.08411458333333334
1 0.7324652777777778 0.759765625 0.04583333333333333 0.08359375
1 0.7021701388888889 0.7783854166666667 0.03315972222222222 0.0453125
1 0.6756944444444445 0.7760416666666666 0.03229166666666667 0.04583333333333333
1 0.6473090277777778 0.7740885416666666 0.03350694444444444 0.05286458333333333
1 0.5130208333333334 0.7390625 0.027430555555555555 0.0453125
1 0.4865451388888889 0.739453125 0.028645833333333332 0.04609375
1 0.4592013888888889 0.7399739583333333 0.02847222222222222 0.047135416666666666
1 0.4317708333333333 0.728515625 0.022916666666666665 0.02578125
1 0.43428819444444444 0.7571614583333334 0.022743055555555555 0.04088541666666667
1 0.41128472222222223 0.72890625 0.01840277777777778 0.025520833333333333
1 0.4114583333333333 0.7578125 0.025 0.040625
1 0.3345486111111111 0.7522135416666667 0.02638888888888889 0.04192708333333333
1 0.29366319444444444 0.7377604166666667 0.04739583333333333 0.0484375
1 0.2595486111111111 0.7372395833333333 0.034375 0.04635416666666667
1 0.2342013888888889 0.737109375 0.036458333333333336 0.047135416666666666
1 0.20546875 0.7373697916666667 0.033854166666666664 0.04609375
1 0.18003472222222222 0.7376302083333334 0.03611111111111111 0.046614583333333334
1 0.2942708333333333 0.7631510416666667 0.04513888888888889 0.06953125
1 0.2603298611111111 0.7744791666666667 0.03142361111111111 0.04791666666666667
1 0.23428819444444443 0.7756510416666667 0.03315972222222222 0.045572916666666664
1 0.9835069444444444 0.875 0.03090277777777778 0.034375
1 0.9868923611111111 0.8518229166666667 0.024826388888888887 0.021875
1 0.9875 0.8385416666666666 0.02361111111111111 0.0265625
1 0.9700520833333334 0.8229166666666666 0.0328125 0.025520833333333333
1 0.9642361111111111 0.8388020833333333 0.030208333333333334 0.027083333333333334
1 0.9616319444444444 0.8561197916666666 0.035416666666666666 0.021614583333333333
1 0.9553819444444445 0.8774739583333333 0.034027777777777775 0.03307291666666667
1 0.9638020833333333 0.8975260416666667 0.036631944444444446 0.032552083333333336
1 0.9568576388888889 0.95 0.0453125 0.09947916666666666
1 0.9330729166666667 0.8583333333333333 0.034895833333333334 0.029166666666666667
1 0.9309895833333334 0.8399739583333333 0.034895833333333334 0.03046875
1 0.9022569444444445 0.8428385416666667 0.03229166666666667 0.032552083333333336
1 0.9006944444444445 0.8578125 0.033680555555555554 0.029166666666666667
1 0.8916666666666667 0.8763020833333334 0.034027777777777775 0.030729166666666665
1 0.7933159722222223 0.87265625 0.03454861111111111 0.03125
1 0.8057291666666667 0.85703125 0.033680555555555554 0.03177083333333333
1 0.8050347222222223 0.837890625 0.03229166666666667 0.025260416666666667
1 0.7756944444444445 0.840234375 0.03090277777777778 0.028385416666666666
1 0.7761284722222223 0.8584635416666667 0.03350694444444444 0.03046875
1 0.7598958333333333 0.8779947916666667 0.03576388888888889 0.03515625
1 0.7625868055555556 0.9015625 0.036631944444444446 0.034375
1 0.7782986111111111 0.9506510416666667 0.04513888888888889 0.09817708333333333
1 0.6532986111111111 0.835546875 0.029166666666666667 0.020572916666666666
1 0.6269965277777778 0.89921875 0.033854166666666664 0.03125
1 0.6374131944444444 0.951953125 0.041493055555555554 0.09557291666666666
1 0.6018229166666667 0.9526041666666667 0.042881944444444445 0.09427083333333333
1 0.5921006944444445 0.903515625 0.0296875 0.03307291666666667
1 0.5837673611111112 0.846484375 0.08350694444444444 0.12317708333333334
0 0.008246527777777778 0.69921875 0.016493055555555556 0.035416666666666666
1 0.7868055555555555 0.30546875 0.05520833333333333 0.2296875
1 0.7372395833333333 0.30611979166666664 0.05399305555555556 0.22682291666666668
1 0.6901909722222223 0.306640625 0.052256944444444446 0.22838541666666667
1 0.6478298611111111 0.315234375 0.04635416666666667 0.21015625
1 0.6072916666666667 0.3165364583333333 0.04618055555555556 0.20598958333333334
1 0.5637152777777777 0.31536458333333334 0.04548611111111111 0.20677083333333332
1 0.5298611111111111 0.33229166666666665 0.0375 0.175
1 0.4973958333333333 0.3328125 0.035416666666666666 0.17239583333333333
1 0.14835069444444443 0.32864583333333336 0.04079861111111111 0.17552083333333332
1 0.11623263888888889 0.3282552083333333 0.04079861111111111 0.17473958333333334
1 0.08489583333333334 0.329296875 0.04201388888888889 0.17317708333333334
1 0.5055555555555555 0.5869791666666667 0.027083333333333334 0.16354166666666667
1 0.47161458333333334 0.594921875 0.0359375 0.17109375
1 0.44140625 0.5944010416666666 0.03420138888888889 0.17161458333333332
1 0.40911458333333334 0.5954427083333333 0.03697916666666667 0.17473958333333334
1 0.37873263888888886 0.5930989583333334 0.036284722222222225 0.17161458333333332
1 0.34817708333333336 0.591796875 0.03836805555555556 0.17109375
1 0.31536458333333334 0.5928385416666667 0.03871527777777778 0.17109375
1 0.4654513888888889 0.33177083333333335 0.035416666666666666 0.1703125
1 0.2857638888888889 0.590625 0.03854166666666667 0.17083333333333334
1 0.2504340277777778 0.5942708333333333 0.03940972222222222 0.17291666666666666
1 0.2191840277777778 0.5944010416666666 0.0390625 0.17265625
1 0.6230902777777778 0.7416666666666667 0.02847222222222222 0.04479166666666667
1 0.5944444444444444 0.739453125 0.03159722222222222 0.04244791666666667
1 0.4327256944444444 0.33046875 0.03767361111111111 0.17395833333333333
1 0.5700520833333333 0.876953125 0.0234375 0.027864583333333335
1 0.4935763888888889 0.9505208333333334 0.042708333333333334 0.096875
1 0.4578125 0.9479166666666666 0.04027777777777778 0.10364583333333334
1 0.4584201388888889 0.8955729166666667 0.03350694444444444 0.03177083333333333
1 0.42421875 0.9493489583333333 0.03836805555555556 0.10078125
1 0.42604166666666665 0.894921875 0.030555555555555555 0.027864583333333335
1 0.44166666666666665 0.8743489583333334 0.03263888888888889 0.03046875
1 0.4418402777777778 0.8553385416666667 0.03576388888888889 0.02578125
1 0.4478298611111111 0.837890625 0.03350694444444444 0.026302083333333334
1 0.38697916666666665 0.9490885416666667 0.042708333333333334 0.10182291666666667
1 0.3885416666666667 0.8942708333333333 0.03611111111111111 0.028125
1 0.41067708333333336 0.876171875 0.033854166666666664 0.03203125
1 0.41206597222222224 0.8536458333333333 0.03246527777777778 0.025520833333333333
1 0.4209201388888889 0.83671875 0.030034722222222223 0.0265625
1 0.3900173611111111 0.8385416666666666 0.027604166666666666 0.027604166666666666
1 0.37994791666666666 0.8548177083333334 0.028645833333333332 0.02421875
1 0.3564236111111111 0.893359375 0.030555555555555555 0.027864583333333335
1 0.3434027777777778 0.8770833333333333 0.03090277777777778 0.033854166666666664
1 0.34748263888888886 0.8545572916666667 0.029340277777777778 0.024739583333333332
1 0.36128472222222224 0.8364583333333333 0.027430555555555555 0.0234375
1 0.32795138888888886 0.8385416666666666 0.029861111111111113 0.022916666666666665
1 0.1362847222222222 0.84609375 0.07430555555555556 0.11302083333333333
1 0.08723958333333333 0.8919270833333334 0.035590277777777776 0.0328125
1 0.08645833333333333 0.877734375 0.034027777777777775 0.037760416666666664
1 0.10086805555555556 0.85546875 0.03263888888888889 0.03125
1 0.01171875 0.9272135416666667 0.0234375 0.14453125
1 0.025173611111111112 0.915234375 0.050347222222222224 0.16901041666666666
1 0.04869791666666667 0.308984375 0.0515625 0.21328125
1 0.018055555555555554 0.30950520833333334 0.03611111111111111 0.21432291666666667
1 0.9762152777777777 0.5704427083333333 0.04722222222222222 0.23046875
1 0.9347222222222222 0.57265625 0.05555555555555555 0.2296875
1 0.8871527777777778 0.5720052083333333 0.059375 0.22734375
1 0.83984375 0.5729166666666666 0.05677083333333333 0.22916666666666666
1 0.83984375 0.5729166666666666 0.05677083333333333 0.22916666666666666
1 0.9347222222222222 0.57265625 0.05555555555555555 0.2296875
1 0.7901041666666667 0.570703125 0.05590277777777778 0.22838541666666667
1 0.7407118055555556 0.569921875 0.05503472222222222 0.22578125
1 0.18046875 0.3287760416666667 0.04045138888888889 0.17265625
1 0.6868923611111111 0.5692708333333333 0.04982638888888889 0.22447916666666667
1 0.6460069444444444 0.5798177083333333 0.04618055555555556 0.20598958333333334
1 0.6057291666666667 0.5794270833333334 0.04756944444444444 0.20520833333333333
1 0.5668402777777778 0.5791666666666667 0.04583333333333333 0.2046875
0 0.10147569444444444 0.701953125 0.028645833333333332 0.03046875
1 0.9082465277777778 0.07434895833333334 0.05260416666666667 0.14505208333333333
1 0.019270833333333334 0.07109375 0.0375 0.140625
1 0.9743923611111112 0.30559895833333334 0.051215277777777776 0.23046875
1 0.9270833333333334 0.306640625 0.057291666666666664 0.23098958333333333
1 0.721875 0.0734375 0.044097222222222225 0.146875
1 0.6806423611111111 0.073828125 0.04635416666666667 0.14609375
1 0.6395833333333333 0.07239583333333334 0.044097222222222225 0.14270833333333333
1 0.5991319444444444 0.07265625 0.04375 0.1453125
1 0.55703125 0.07174479166666667 0.04704861111111111 0.14348958333333334
1 0.5229166666666667 0.07239583333333334 0.03298611111111111 0.14270833333333333
1 0.8936631944444444 0.8951822916666666 0.036284722222222225 0.03515625
1 0.9171875 0.94921875 0.04548611111111111 0.10052083333333334
1 0.884375 0.9505208333333334 0.044097222222222225 0.09791666666666667
1 0.8616319444444445 0.8975260416666667 0.0375 0.03463541666666667
1 0.8569444444444444 0.8776041666666666 0.03715277777777778 0.0359375
1 0.8743923611111111 0.8610677083333333 0.036631944444444446 0.03307291666666667
1 0.8723958333333334 0.846484375 0.03784722222222222 0.03463541666666667
1 0.8443576388888889 0.8424479166666666 0.03211805555555555 0.029166666666666667
1 0.8381944444444445 0.8553385416666667 0.034027777777777775 0.02578125
1 0.8255208333333334 0.8752604166666667 0.03090277777777778 0.03125
1 0.8291666666666667 0.8977864583333334 0.03263888888888889 0.03515625
1 0.84765625 0.9513020833333333 0.04496527777777778 0.096875
1 0.8131944444444444 0.9509114583333333 0.04236111111111111 0.09765625
1 0.7941840277777777 0.90078125 0.036284722222222225 0.04114583333333333
0 0.12690972222222222 0.7014322916666667 0.028125 0.030989583333333334
0 0.07526041666666666 0.16536458333333334 0.030729166666666665 0.03177083333333333
0 0.012152777777777778 0.15950520833333334 0.024305555555555556 0.03463541666666667
0 0.9511284722222222 0.4420572916666667 0.02795138888888889 0.028385416666666666
0 0.9240451388888888 0.4421875 0.03107638888888889 0.028125
0 0.73046875 0.4415364583333333 0.028645833333333332 0.029427083333333333
0 0.7038194444444444 0.7041666666666667 0.03125 0.03229166666666667
0 0.5907986111111111 0.696484375 0.02847222222222222 0.030989583333333334
1 0.2721354166666667 0.8403645833333333 0.0296875 0.0265625
1 0.2568576388888889 0.8572916666666667 0.03211805555555555 0.0265625
1 0.049652777777777775 0.8723958333333334 0.04861111111111111 0.11822916666666666
1 0.07777777777777778 0.83046875 0.043055555555555555 0.0765625
1 0.10251736111111111 0.8083333333333333 0.041840277777777775 0.065625
1 0.010850694444444444 0.8243489583333333 0.021354166666666667 0.027864583333333335
1 0.03671875 0.8067708333333333 0.035243055555555555 0.036458333333333336
1 0.06171875 0.7872395833333333 0.03107638888888889 0.027604166666666666
0 0.9365451388888889 0.169140625 0.02829861111111111 0.03046875
0 0.7297743055555556 0.7040364583333333 0.027604166666666666 0.028385416666666666
0 0.40217013888888886 0.7033854166666667 0.029340277777777778 0.029166666666666667
0 0.3763020833333333 0.7032552083333333 0.03107638888888889 0.031510416666666666
0 0.28541666666666665 0.699609375 0.030555555555555555 0.031510416666666666
1 0.24887152777777777 0.8765625 0.03211805555555555 0.03854166666666667
0 0.18819444444444444 0.701171875 0.03125 0.031510416666666666
1 0.9291666666666667 0.8990885416666666 0.0375 0.040364583333333336
1 0.9251736111111111 0.8760416666666667 0.03576388888888889 0.03125
1 0.5008680555555556 0.8563802083333333 0.03090277777777778 0.023697916666666666
1 0.5021701388888888 0.8368489583333333 0.01857638888888889 0.023177083333333334
1 0.47855902777777776 0.8381510416666667 0.02795138888888889 0.029947916666666668
1 0.4730902777777778 0.8748697916666667 0.03090277777777778 0.03046875
1 0.10130208333333333 0.948046875 0.0421875 0.10130208333333333
1 0.06710069444444444 0.948046875 0.041840277777777775 0.10286458333333333
0 0.3684027777777778 0.19088541666666667 0.065625 0.1
0 0.30060763888888886 0.16536458333333334 0.03107638888888889 0.029166666666666667
0 0.2728298611111111 0.16419270833333333 0.030381944444444444 0.03203125
0 0.19670138888888888 0.18841145833333334 0.06631944444444444 0.09401041666666667
0 0.10190972222222222 0.16419270833333333 0.02847222222222222 0.028385416666666666
0 0.70390625 0.43984375 0.03246527777777778 0.030729166666666665
0 0.6055555555555555 0.441796875 0.02847222222222222 0.03046875
0 0.5788194444444444 0.439453125 0.03229166666666667 0.030989583333333334
0 0.48420138888888886 0.467578125 0.06145833333333333 0.09817708333333333
0 0.4019097222222222 0.4381510416666667 0.029513888888888888 0.028385416666666666
0 0.37604166666666666 0.43802083333333336 0.03090277777777778 0.030729166666666665
0 0.29609375 0.46119791666666665 0.06649305555555556 0.096875
0 0.2032986111111111 0.4596354166666667 0.06319444444444444 0.09375
0 0.1154513888888889 0.43645833333333334 0.029166666666666667 0.030208333333333334
0 0.4734375 0.7026041666666667 0.029861111111111113 0.0296875
1 0.6828125 0.855078125 0.03090277777777778 0.02265625
1 0.7422743055555555 0.9485677083333334 0.042881944444444445 0.10234375
1 0.7263888888888889 0.8942708333333333 0.03923611111111111 0.029166666666666667
1 0.7322048611111112 0.8756510416666666 0.034895833333333334 0.03203125
1 0.7464409722222223 0.8571614583333333 0.03177083333333333 0.027864583333333335
1 0.7439236111111112 0.8377604166666667 0.03090277777777778 0.029166666666666667
1 0.7184895833333333 0.861328125 0.03315972222222222 0.029947916666666668
1 0.7144965277777777 0.8389322916666667 0.03142361111111111 0.028385416666666666
1 0.68203125 0.837890625 0.02829861111111111 0.026302083333333334
1 0.70625 0.9489583333333333 0.04236111111111111 0.1015625
1 0.6730902777777777 0.9515625 0.040625 0.09635416666666667
1 0.6261284722222222 0.8505208333333333 0.08871527777777778 0.11666666666666667
1 0.6564236111111111 0.8514322916666667 0.022916666666666665 0.019010416666666665
1 0.4717013888888889 0.8557291666666667 0.03194444444444444 0.0265625
1 0.8068576388888888 0.07421875 0.0515625 0.146875
1 0.19730902777777778 0.071484375 0.041840277777777775 0.14244791666666667
1 0.16510416666666666 0.071484375 0.03993055555555555 0.14192708333333334
1 0.1265625 0.07122395833333334 0.043055555555555555 0.14244791666666667
1 0.08532986111111111 0.07135416666666666 0.035590277777777776 0.14270833333333333
1 0.05147569444444444 0.07122395833333334 0.057118055555555554 0.14192708333333334
1 0.3326388888888889 0.721875 0.024305555555555556 0.03229166666666667
1 0.3567708333333333 0.7584635416666666 0.021180555555555557 0.03307291666666667
1 0.9881076388888889 0.8930989583333333 0.022395833333333334 0.02578125
0 0.31050347222222224 0.700390625 0.028645833333333332 0.031510416666666666
1 0.2078125 0.7740885416666666 0.033680555555555554 0.04869791666666667
1 0.18064236111111112 0.778125 0.0328125 0.04114583333333333
1 0.9847222222222223 0.95 0.030208333333333334 0.09739583333333333
1 0.3173611111111111 0.8529947916666667 0.02847222222222222 0.031510416666666666
1 0.3118923611111111 0.8759114583333333 0.033854166666666664 0.03359375
1 0.32309027777777777 0.8928385416666667 0.03298611111111111 0.027864583333333335
1 0.31710069444444444 0.9484375 0.04010416666666667 0.10260416666666666
1 0.18819444444444444 0.5946614583333333 0.03715277777777778 0.17317708333333334
1 0.15876736111111112 0.593359375 0.0390625 0.17265625
1 0.1306423611111111 0.5924479166666666 0.036631944444444446 0.16979166666666667
1 0.09947916666666666 0.59296875 0.04201388888888889 0.16979166666666667
1 0.06866319444444445 0.5716145833333334 0.04079861111111111 0.20833333333333334
1 0.03315972222222222 0.5740885416666667 0.05694444444444444 0.21380208333333334
1 0.008854166666666666 0.5739583333333333 0.016666666666666666 0.21197916666666666
1 0.9552951388888888 0.7427083333333333 0.03454861111111111 0.04114583333333333
1 0.9284722222222223 0.742578125 0.034722222222222224 0.04401041666666667
1 0.8980902777777777 0.74296875 0.03888888888888889 0.0421875
1 0.8698784722222223 0.742578125 0.03975694444444444 0.04453125
1 0.8323784722222223 0.7399739583333333 0.0609375 0.04140625
1 0.7016493055555556 0.7416666666666667 0.036284722222222225 0.04375
1 0.67421875 0.7416666666666667 0.0328125 0.04479166666666667
1 0.6493055555555556 0.7408854166666666 0.029166666666666667 0.043229166666666666
1 0.17829861111111112 0.8485677083333333 0.06597222222222222 0.11953125
1 0.5332465277777778 0.5966145833333333 0.035590277777777776 0.1734375
0 0.08880208333333334 0.43776041666666665 0.03142361111111111 0.030729166666666665
0 0.9098958333333333 0.16783854166666667 0.03194444444444444 0.03046875
0 0.8353298611111111 0.16875 0.02795138888888889 0.030729166666666665
0 0.8080729166666667 0.16875 0.03246527777777778 0.030729166666666665
0 0.7030381944444445 0.16822916666666668 0.0296875 0.028645833333333332
0 0.6758680555555555 0.16744791666666667 0.03125 0.03125
0 0.6229166666666667 0.16744791666666667 0.029861111111111113 0.030208333333333334
0 0.5969618055555556 0.16627604166666668 0.03142361111111111 0.030989583333333334
1 0.24461805555555555 0.9479166666666666 0.04131944444444444 0.10364583333333334
1 0.25677083333333334 0.895703125 0.036458333333333336 0.029947916666666668
1 0.20798611111111112 0.9484375 0.04375 0.10052083333333334
1 0.2150173611111111 0.8756510416666666 0.030729166666666665 0.03203125
1 0.22456597222222222 0.8541666666666666 0.03211805555555555 0.025520833333333333
1 0.2439236111111111 0.8442708333333333 0.03298611111111111 0.036458333333333336
1 0.21189236111111112 0.8390625 0.025173611111111112 0.030729166666666665
1 0.18854166666666666 0.8970052083333333 0.03298611111111111 0.03723958333333333
1 0.17352430555555556 0.95 0.04079861111111111 0.09947916666666666
1 0.1375 0.9483072916666667 0.03993055555555555 0.10286458333333333
1 0.5646701388888888 0.9515625 0.042881944444444445 0.09635416666666667
1 0.5293402777777778 0.9522135416666667 0.03923611111111111 0.09505208333333333
1 0.5256076388888888 0.8975260416666667 0.035243055555555555 0.027864583333333335
1 0.5030381944444444 0.876953125 0.03350694444444444 0.03203125
1 0.4935763888888889 0.8985677083333333 0.034027777777777775 0.02578125
1 0.28098958333333335 0.9485677083333334 0.04010416666666667 0.10182291666666667
1 0.28880208333333335 0.8946614583333333 0.030034722222222223 0.032552083333333336
1 0.28142361111111114 0.8774739583333333 0.033680555555555554 0.03567708333333333
1 0.2884548611111111 0.85703125 0.03177083333333333 0.0234375
0 0.4769965277777778 0.19544270833333333 0.057118055555555554 0.10598958333333333
0 0.4044270833333333 0.16497395833333334 0.0296875 0.03619791666666667
0 0.6172743055555555 0.6984375 0.030381944444444444 0.03125
0 0.4991319444444444 0.70390625 0.028819444444444446 0.03177083333333333
0 0.21414930555555556 0.699609375 0.02829861111111111 0.032552083333333336
0 0.027256944444444445 0.6958333333333333 0.029513888888888888 0.034375
1 0.6954861111111111 0.8756510416666666 0.03576388888888889 0.03567708333333333
1 0.6930555555555555 0.8958333333333334 0.03090277777777778 0.028645833333333332
1 0.35130208333333335 0.9501302083333333 0.03940972222222222 0.09921875
1 0.30225694444444445 0.8380208333333333 0.03125 0.030208333333333334
1 0.22109375 0.894921875 0.03107638888888889 0.03411458333333333
1 0.37395833333333334 0.8729166666666667 0.03090277777777778 0.03229166666666667
1 0.5327256944444444 0.8520833333333333 0.06545138888888889 0.11614583333333334
1 0.353125 0.7274739583333333 0.014583333333333334 0.022135416666666668
1 0.7613715277777777 0.073046875 0.042881944444444445 0.14609375
