1 0.029947916666666668 0.08319444444444445 0.04079861111111111 0.16027777777777777
1 0.07118055555555555 0.08347222222222223 0.03715277777777778 0.1597222222222222
1 0.11388888888888889 0.08444444444444445 0.04375 0.165
1 0.17543402777777778 0.08611111111111111 0.04774305555555555 0.1638888888888889
1 0.2204861111111111 0.08375 0.027430555555555555 0.16472222222222221
1 0.24765625 0.08347222222222223 0.022743055555555555 0.15638888888888888
1 0.2746527777777778 0.08694444444444445 0.02673611111111111 0.155
1 0.30243055555555554 0.08986111111111111 0.024652777777777777 0.1575
1 0.3299479166666667 0.09027777777777778 0.024479166666666666 0.15333333333333332
1 0.35598958333333336 0.09027777777777778 0.02378472222222222 0.15444444444444444
1 0.38055555555555554 0.0913888888888889 0.022569444444444444 0.1511111111111111
1 0.40546875 0.09027777777777778 0.022395833333333334 0.15333333333333332
1 0.4317708333333333 0.09152777777777778 0.025 0.1597222222222222
1 0.45772569444444444 0.09166666666666666 0.0234375 0.15388888888888888
1 0.48194444444444445 0.08958333333333333 0.02361111111111111 0.15583333333333332
1 0.5063368055555556 0.0901388888888889 0.022395833333333334 0.15694444444444444
1 0.5313368055555555 0.08958333333333333 0.022395833333333334 0.15583333333333332
1 0.5566840277777778 0.08888888888888889 0.022395833333333334 0.15444444444444444
1 0.5824652777777778 0.09069444444444444 0.025 0.15694444444444444
1 0.6096354166666667 0.08638888888888889 0.030034722222222223 0.16777777777777778
1 0.6405381944444445 0.08527777777777777 0.027604166666666666 0.16666666666666666
1 0.6714409722222222 0.08472222222222223 0.027256944444444445 0.16666666666666666
1 0.7046006944444444 0.08833333333333333 0.0296875 0.1661111111111111
1 0.7355902777777777 0.08694444444444445 0.02673611111111111 0.16444444444444445
1 0.7681423611111111 0.08527777777777777 0.03246527777777778 0.16555555555555557
1 0.8202256944444445 0.09625 0.03177083333333333 0.14694444444444443
1 0.8388888888888889 0.10347222222222222 0.009027777777777777 0.12416666666666666
1 0.8598958333333333 0.0913888888888889 0.027777777777777776 0.15333333333333332
1 0.8876736111111111 0.08875 0.024305555555555556 0.16194444444444445
1 0.9135416666666667 0.08986111111111111 0.02326388888888889 0.15527777777777776
1 0.9422743055555556 0.08583333333333333 0.029340277777777778 0.16111111111111112
1 0.9704861111111112 0.08875 0.024305555555555556 0.15638888888888888
1 0.9885416666666667 0.09222222222222222 0.010416666666666666 0.14444444444444443
1 0.9981770833333333 0.09333333333333334 0.002951388888888889 0.14
1 0.012413194444444444 0.32708333333333334 0.024479166666666666 0.1475
1 0.04505208333333333 0.3101388888888889 0.042881944444444445 0.17916666666666667
1 0.09001736111111111 0.31 0.042534722222222224 0.1827777777777778
1 0.11736111111111111 0.325 0.03090277777777778 0.14444444444444443
1 0.16102430555555555 0.32569444444444445 0.03871527777777778 0.1486111111111111
1 0.2296875 0.32708333333333334 0.028819444444444446 0.14027777777777778
1 0.2547743055555556 0.3263888888888889 0.021701388888888888 0.14444444444444443
1 0.2785590277777778 0.32722222222222225 0.027604166666666666 0.14722222222222223
1 0.3040798611111111 0.3277777777777778 0.025520833333333333 0.14666666666666667
1 0.32890625 0.3263888888888889 0.02621527777777778 0.14444444444444443
1 0.35546875 0.3269444444444444 0.0234375 0.14333333333333334
1 0.3801215277777778 0.32611111111111113 0.024479166666666666 0.1438888888888889
1 0.40598958333333335 0.3258333333333333 0.02378472222222222 0.14333333333333334
1 0.43168402777777776 0.32611111111111113 0.021701388888888888 0.14777777777777779
1 0.4560763888888889 0.32625 0.02326388888888889 0.1425
1 0.48038194444444443 0.3258333333333333 0.023958333333333335 0.145
1 0.5058159722222222 0.3273611111111111 0.0234375 0.14416666666666667
1 0.5337673611111111 0.3088888888888889 0.030381944444444444 0.18055555555555555
1 0.5644965277777778 0.3084722222222222 0.02829861111111111 0.17972222222222223
1 0.5940972222222223 0.30875 0.02673611111111111 0.17972222222222223
1 0.6240451388888889 0.3070833333333333 0.028645833333333332 0.1802777777777778
1 0.6553819444444444 0.30791666666666667 0.029166666666666667 0.18305555555555555
1 0.678125 0.3113888888888889 0.021875 0.16833333333333333
1 0.6947916666666667 0.31416666666666665 0.00798611111111111 0.17
1 0.7166666666666667 0.3095833333333333 0.027083333333333334 0.1736111111111111
1 0.7485243055555556 0.31 0.027604166666666666 0.17722222222222223
1 0.7763020833333333 0.3258333333333333 0.0234375 0.14722222222222223
1 0.8016493055555556 0.32416666666666666 0.0234375 0.14666666666666667
1 0.8269097222222223 0.32319444444444445 0.025 0.14694444444444443
1 0.8519097222222223 0.3248611111111111 0.021527777777777778 0.1463888888888889
1 0.8756944444444444 0.3248611111111111 0.025694444444444443 0.14527777777777778
1 0.8986979166666667 0.3263888888888889 0.0203125 0.14444444444444443
1 0.9131944444444444 0.33 0.006944444444444444 0.1361111111111111
1 0.9354166666666667 0.3269444444444444 0.029513888888888888 0.14555555555555555
1 0.9578125 0.325 0.013541666666666667 0.12833333333333333
1 0.9753472222222223 0.32763888888888887 0.019097222222222224 0.14083333333333334
1 0.9946180555555556 0.3279166666666667 0.009027777777777777 0.14027777777777778
1 0.006423611111111111 0.09277777777777778 0.011458333333333333 0.14444444444444443
1 0.006857638888888889 0.5502777777777778 0.012326388888888888 0.13777777777777778
1 0.025173611111111112 0.5473611111111111 0.020833333333333332 0.13472222222222222
1 0.05633680555555556 0.5308333333333334 0.0359375 0.17333333333333334
1 0.09496527777777777 0.5305555555555556 0.035069444444444445 0.17055555555555554
1 0.13289930555555557 0.5338888888888889 0.034895833333333334 0.17166666666666666
1 0.16901041666666666 0.5352777777777777 0.03420138888888889 0.1738888888888889
1 0.20625 0.5352777777777777 0.034722222222222224 0.1711111111111111
1 0.23663194444444444 0.5494444444444444 0.02361111111111111 0.1361111111111111
1 0.2611111111111111 0.5486111111111112 0.025 0.1361111111111111
1 0.2865451388888889 0.5506944444444445 0.02309027777777778 0.14027777777777778
1 0.30928819444444444 0.5486111111111112 0.021701388888888888 0.14055555555555554
1 0.3349826388888889 0.5472222222222223 0.02309027777777778 0.14055555555555554
1 0.36163194444444446 0.5472222222222223 0.025 0.14222222222222222
1 0.38515625 0.5461111111111111 0.024826388888888887 0.14
1 0.41163194444444445 0.5477777777777778 0.02326388888888889 0.14166666666666666
1 0.43515625 0.5486111111111112 0.022048611111111113 0.1438888888888889
1 0.45989583333333334 0.5476388888888889 0.02361111111111111 0.14916666666666667
1 0.48515625 0.5486111111111112 0.022048611111111113 0.1438888888888889
1 0.5085069444444444 0.5479166666666667 0.021527777777777778 0.14527777777777778
1 0.5342013888888889 0.5313888888888889 0.027083333333333334 0.16277777777777777
1 0.5643229166666667 0.53125 0.02829861111111111 0.16916666666666666
1 0.5943576388888889 0.5322222222222223 0.02795138888888889 0.16944444444444445
1 0.6224826388888889 0.5331944444444444 0.024826388888888887 0.17027777777777778
1 0.6519965277777777 0.5320833333333334 0.028993055555555557 0.1725
1 0.6813368055555555 0.5305555555555556 0.024826388888888887 0.1738888888888889
1 0.7107638888888889 0.5298611111111111 0.029166666666666667 0.1775
1 0.7375 0.5284722222222222 0.021527777777777778 0.17194444444444446
1 0.7629340277777777 0.5468055555555555 0.024826388888888887 0.14194444444444446
1 0.7861979166666667 0.5473611111111111 0.02065972222222222 0.1413888888888889
1 0.8106770833333333 0.5469444444444445 0.025173611111111112 0.1411111111111111
1 0.8368055555555556 0.54625 0.022222222222222223 0.1436111111111111
1 0.8612847222222222 0.54875 0.021875 0.14472222222222222
1 0.8872395833333333 0.5502777777777778 0.022395833333333334 0.14222222222222222
1 0.91015625 0.5494444444444444 0.019270833333333334 0.13833333333333334
1 0.9335069444444445 0.5473611111111111 0.02326388888888889 0.14027777777777778
1 0.9611979166666667 0.5484722222222222 0.025868055555555554 0.1436111111111111
1 0.9872395833333333 0.5459722222222222 0.02309027777777778 0.1463888888888889
1 0.009548611111111112 0.6694444444444444 0.013194444444444444 0.020555555555555556
1 0.02456597222222222 0.6808333333333333 0.009895833333333333 0.021666666666666667
1 0.0072048611111111115 0.6918055555555556 0.011979166666666667 0.013055555555555556
1 0.05590277777777778 0.6791666666666667 0.015277777777777777 0.01611111111111111
1 0.041666666666666664 0.6930555555555555 0.016666666666666666 0.017222222222222222
1 0.021180555555555557 0.7091666666666666 0.018055555555555554 0.017777777777777778
1 0.06501736111111112 0.6958333333333333 0.0203125 0.010555555555555556
1 0.08246527777777778 0.685 0.01875 0.011111111111111112
1 0.09366319444444444 0.6715277777777777 0.01545138888888889 0.015833333333333335
1 0.10616319444444444 0.6626388888888889 0.013020833333333334 0.01138888888888889
1 0.011631944444444445 0.8272222222222222 0.02326388888888889 0.19777777777777777
1 0.028211805555555556 0.81 0.03975694444444444 0.17944444444444443
1 0.04626736111111111 0.7916666666666666 0.025173611111111112 0.16666666666666666
1 0.07421875 0.7925 0.02795138888888889 0.16833333333333333
1 0.09392361111111111 0.7023611111111111 0.024652777777777777 0.015833333333333335
1 0.11102430555555555 0.6876388888888889 0.019270833333333334 0.014166666666666666
1 0.11987847222222223 0.6766666666666666 0.017534722222222222 0.009444444444444445
1 0.13559027777777777 0.67875 0.019791666666666666 0.03194444444444444
1 0.15381944444444445 0.6775 0.022916666666666665 0.043333333333333335
1 0.12387152777777778 0.7029166666666666 0.021701388888888888 0.014166666666666666
1 0.10659722222222222 0.8009722222222222 0.029513888888888888 0.1725
1 0.14071180555555557 0.73 0.022395833333333334 0.029444444444444443
1 0.15512152777777777 0.7152777777777778 0.01857638888888889 0.02277777777777778
1 0.14869791666666668 0.8475 0.04045138888888889 0.20222222222222222
1 0.19340277777777778 0.8498611111111111 0.04375 0.20694444444444443
1 0.1640625 0.7370833333333333 0.022222222222222223 0.014722222222222222
1 0.17369791666666667 0.7220833333333333 0.0171875 0.020277777777777777
1 0.18932291666666667 0.7084722222222222 0.019270833333333334 0.021944444444444444
1 0.20164930555555555 0.6931944444444444 0.019270833333333334 0.01861111111111111
1 0.21588541666666666 0.6770833333333334 0.019965277777777776 0.013055555555555556
1 0.24809027777777778 0.69375 0.02013888888888889 0.04583333333333333
1 0.23671875 0.7068055555555556 0.021701388888888888 0.030833333333333334
1 0.22847222222222222 0.71875 0.022916666666666665 0.041944444444444444
1 0.21328125 0.7430555555555556 0.024131944444444445 0.05555555555555555
1 0.20277777777777778 0.7690277777777778 0.02638888888888889 0.060833333333333336
1 0.22907986111111112 0.8666666666666667 0.022743055555555555 0.1511111111111111
1 0.25442708333333336 0.8704166666666666 0.024479166666666666 0.15472222222222223
1 0.2815972222222222 0.8711111111111111 0.02326388888888889 0.15833333333333333
1 0.30746527777777777 0.8715277777777778 0.027083333333333334 0.1625
1 0.3394965277777778 0.87375 0.025173611111111112 0.15527777777777776
1 0.36996527777777777 0.8747222222222222 0.027777777777777776 0.155
1 0.39557291666666666 0.87125 0.0234375 0.14805555555555555
1 0.4234375 0.8723611111111111 0.024652777777777777 0.15416666666666667
1 0.4495659722222222 0.8731944444444445 0.02378472222222222 0.15416666666666667
1 0.4762152777777778 0.8741666666666666 0.029861111111111113 0.155
1 0.5098958333333333 0.85 0.025694444444444443 0.19055555555555556
1 0.5397569444444444 0.8505555555555555 0.030555555555555555 0.19333333333333333
1 0.5741319444444445 0.8505555555555555 0.03194444444444444 0.19722222222222222
1 0.6079861111111111 0.8501388888888889 0.03159722222222222 0.20027777777777778
1 0.6358506944444444 0.8433333333333334 0.025173611111111112 0.18944444444444444
1 0.66796875 0.8440277777777778 0.03315972222222222 0.19694444444444445
1 0.7453125 0.8572222222222222 0.03784722222222222 0.19277777777777777
1 0.7839409722222223 0.8608333333333333 0.033854166666666664 0.2011111111111111
1 0.7276041666666667 0.8359722222222222 0.029513888888888888 0.17472222222222222
1 0.7136284722222223 0.8155555555555556 0.022743055555555555 0.17722222222222223
1 0.7060763888888889 0.7970833333333334 0.02048611111111111 0.16472222222222221
1 0.69921875 0.7848611111111111 0.0140625 0.15694444444444444
1 0.6895833333333333 0.7693055555555556 0.013194444444444444 0.15194444444444444
1 0.7636284722222222 0.7509722222222223 0.024826388888888887 0.014166666666666666
1 0.7484375 0.7366666666666667 0.02048611111111111 0.011666666666666667
1 0.7444444444444445 0.7234722222222222 0.018055555555555554 0.008055555555555555
1 0.7341145833333333 0.7108333333333333 0.0203125 0.009444444444444445
1 0.7245659722222222 0.6991666666666667 0.0171875 0.008333333333333333
1 0.2724826388888889 0.7138888888888889 0.010243055555555556 0.011111111111111112
1 0.29348958333333336 0.71375 0.016493055555555556 0.01138888888888889
1 0.28758680555555555 0.7272222222222222 0.0109375 0.016666666666666666
1 0.26640625 0.7233333333333334 0.009895833333333333 0.008888888888888889
1 0.2802951388888889 0.7363888888888889 0.011284722222222222 0.018333333333333333
1 0.27447916666666666 0.7447222222222222 0.011805555555555555 0.015
1 0.2574652777777778 0.7323611111111111 0.010763888888888889 0.01138888888888889
1 0.25147569444444445 0.7438888888888889 0.012326388888888888 0.008333333333333333
1 0.2453125 0.7559722222222223 0.016319444444444445 0.004722222222222222
1 0.23897569444444444 0.7659722222222223 0.014409722222222223 0.0075
1 0.23151041666666666 0.7793055555555556 0.016840277777777777 0.008611111111111111
1 0.25772569444444443 0.7790277777777778 0.0140625 0.014722222222222222
1 0.26510416666666664 0.7661111111111111 0.013541666666666667 0.013333333333333334
1 0.2698784722222222 0.7575 0.016145833333333335 0.015
1 0.2847222222222222 0.7811111111111111 0.017013888888888887 0.013333333333333334
1 0.29244791666666664 0.7670833333333333 0.015104166666666667 0.01638888888888889
1 0.2981770833333333 0.7566666666666667 0.016840277777777777 0.011666666666666667
1 0.3003472222222222 0.7430555555555556 0.015277777777777777 0.012222222222222223
1 0.3078125 0.7341666666666666 0.016666666666666666 0.008333333333333333
1 0.31267361111111114 0.7233333333333334 0.008680555555555556 0.011111111111111112
1 0.31649305555555557 0.7154166666666667 0.01423611111111111 0.01361111111111111
1 0.33836805555555555 0.7138888888888889 0.017708333333333333 0.015
1 0.33368055555555554 0.7279166666666667 0.016666666666666666 0.009166666666666667
1 0.3289930555555556 0.7376388888888888 0.015625 0.006944444444444444
1 0.32352430555555556 0.7497222222222222 0.02309027777777778 0.010555555555555556
1 0.3198784722222222 0.7615277777777778 0.021354166666666667 0.005277777777777778
1 0.3159722222222222 0.7754166666666666 0.022916666666666665 0.010833333333333334
1 0.3129340277777778 0.7845833333333333 0.025173611111111112 0.013055555555555556
1 0.34270833333333334 0.7845833333333333 0.023958333333333335 0.01138888888888889
1 0.3684895833333333 0.7851388888888889 0.0234375 0.011944444444444445
1 0.34522569444444445 0.7702777777777777 0.01892361111111111 0.013888888888888888
1 0.3690104166666667 0.7711111111111111 0.022395833333333334 0.011666666666666667
1 0.34661458333333334 0.7561111111111111 0.019618055555555555 0.008333333333333333
1 0.3702256944444444 0.7558333333333334 0.022048611111111113 0.012777777777777779
1 0.3692708333333333 0.74625 0.017013888888888887 0.0075
1 0.3763020833333333 0.74 0.019965277777777776 0.01888888888888889
1 0.37994791666666666 0.7255555555555555 0.017881944444444443 0.014444444444444444
1 0.38263888888888886 0.7144444444444444 0.019791666666666666 0.011666666666666667
1 0.3628472222222222 0.7152777777777778 0.016319444444444445 0.01
1 0.35564236111111114 0.7252777777777778 0.013715277777777778 0.012222222222222223
1 0.3512152777777778 0.7359722222222222 0.018055555555555554 0.008055555555555555
1 0.34791666666666665 0.7465277777777778 0.019444444444444445 0.008611111111111111
1 0.39618055555555554 0.7798611111111111 0.021180555555555557 0.010277777777777778
1 0.42178819444444443 0.7793055555555556 0.021701388888888888 0.013055555555555556
1 0.42118055555555556 0.7659722222222223 0.022222222222222223 0.013055555555555556
1 0.39678819444444446 0.76625 0.021701388888888888 0.0125
1 0.39817708333333335 0.7515277777777778 0.019965277777777776 0.014166666666666666
1 0.4206597222222222 0.7506944444444444 0.02013888888888889 0.011944444444444445
1 0.44921875 0.7843055555555556 0.021006944444444446 0.008611111111111111
1 0.4744791666666667 0.7841666666666667 0.02048611111111111 0.015555555555555555
1 0.4712673611111111 0.7683333333333333 0.021701388888888888 0.010555555555555556
1 0.4479166666666667 0.7690277777777778 0.01875 0.01138888888888889
1 0.4448784722222222 0.7554166666666666 0.019270833333333334 0.0075
1 0.47196180555555556 0.7573611111111112 0.019618055555555555 0.006388888888888889
1 0.4467013888888889 0.7451388888888889 0.02048611111111111 0.006388888888888889
1 0.4447048611111111 0.7344444444444445 0.016840277777777777 0.012222222222222223
1 0.44253472222222223 0.7194444444444444 0.015625 0.009444444444444445
1 0.4644097222222222 0.7177777777777777 0.017708333333333333 0.01
1 0.46588541666666666 0.7280555555555556 0.021354166666666667 0.0044444444444444444
1 0.46944444444444444 0.7373611111111111 0.019097222222222224 0.0025
1 0.46987847222222223 0.7466666666666667 0.02065972222222222 0.01
1 0.4990451388888889 0.7270833333333333 0.019270833333333334 0.004722222222222222
1 0.5033854166666667 0.7420833333333333 0.019270833333333334 0.0125
1 0.5339409722222223 0.7448611111111111 0.021006944444444446 0.008055555555555555
1 0.5291666666666667 0.7297222222222223 0.024652777777777777 0.009444444444444445
1 0.5645833333333333 0.7308333333333333 0.021875 0.0044444444444444444
1 0.5677951388888889 0.7436111111111111 0.019965277777777776 0.006111111111111111
1 0.59453125 0.7301388888888889 0.02309027777777778 0.009166666666666667
1 0.5955729166666667 0.7447222222222222 0.02065972222222222 0.007222222222222222
1 0.6280381944444444 0.7394444444444445 0.02309027777777778 0.013333333333333334
1 0.6567708333333333 0.7379166666666667 0.02673611111111111 0.009722222222222222
1 0.6502604166666667 0.7244444444444444 0.02309027777777778 0.011111111111111112
1 0.6190104166666667 0.7216666666666667 0.021701388888888888 0.011111111111111112
1 0.6217013888888889 0.7059722222222222 0.019791666666666666 0.013055555555555556
1 0.6497395833333334 0.7091666666666666 0.024479166666666666 0.02
1 0.6439236111111111 0.69375 0.019791666666666666 0.009166666666666667
1 0.6335069444444444 0.6816666666666666 0.021527777777777778 0.006666666666666667
1 0.98984375 0.8770833333333333 0.017534722222222222 0.16694444444444445
1 0.9629340277777778 0.8709722222222223 0.025173611111111112 0.15472222222222223
1 0.93671875 0.8738888888888889 0.021006944444444446 0.15888888888888889
1 0.9102430555555555 0.8758333333333334 0.024652777777777777 0.15666666666666668
1 0.8854166666666666 0.8751388888888889 0.021875 0.16027777777777777
1 0.8575520833333333 0.8761111111111111 0.0265625 0.16111111111111112
1 0.8270833333333333 0.8726388888888889 0.027777777777777776 0.16527777777777777
1 0.8321180555555555 0.7551388888888889 0.08194444444444444 0.0725
1 0.8688368055555555 0.7522222222222222 0.08524305555555556 0.0811111111111111
1 0.7888888888888889 0.6731944444444444 0.028125 0.03805555555555556
1 0.76328125 0.7101388888888889 0.03350694444444444 0.026944444444444444
1 0.7915798611111111 0.7104166666666667 0.017881944444444443 0.03138888888888889
1 0.8139756944444444 0.6734722222222222 0.02065972222222222 0.04027777777777778
1 0.83671875 0.6736111111111112 0.01892361111111111 0.04111111111111111
1 0.85625 0.6726388888888889 0.015625 0.04083333333333333
1 0.8125868055555555 0.7083333333333334 0.019965277777777776 0.021666666666666667
1 0.8349826388888889 0.7065277777777778 0.016840277777777777 0.01861111111111111
1 0.8545138888888889 0.7097222222222223 0.017013888888888887 0.02722222222222222
1 0.8717881944444444 0.6655555555555556 0.012326388888888888 0.021111111111111112
1 0.87265625 0.6940277777777778 0.011284722222222222 0.0275
1 0.8858506944444444 0.6670833333333334 0.0109375 0.028055555555555556
1 0.8887152777777778 0.6963888888888888 0.01597222222222222 0.023333333333333334
1 0.9311631944444444 0.6673611111111111 0.0109375 0.020277777777777777
1 0.9321180555555556 0.6968055555555556 0.015277777777777777 0.025833333333333333
1 0.9499131944444444 0.6663888888888889 0.02309027777777778 0.024444444444444446
1 0.9525173611111111 0.6972222222222222 0.01857638888888889 0.03111111111111111
1 0.9809895833333333 0.6733333333333333 0.034895833333333334 0.03833333333333333
1 0.9826388888888888 0.7068055555555556 0.03194444444444444 0.03805555555555556
1 0.8802083333333334 0.7275 0.010416666666666666 0.01611111111111111
1 0.8954861111111111 0.7406944444444444 0.013888888888888888 0.0125
1 0.8953993055555556 0.7220833333333333 0.007118055555555555 0.008611111111111111
1 0.9064236111111111 0.7316666666666667 0.005902777777777778 0.011666666666666667
1 0.9213541666666667 0.7397222222222222 0.013541666666666667 0.011111111111111112
1 0.9133680555555556 0.7515277777777778 0.017013888888888887 0.01138888888888889
1 0.9237847222222222 0.7633333333333333 0.017708333333333333 0.008888888888888889
1 0.9190104166666667 0.7768055555555555 0.014409722222222223 0.013055555555555556
1 0.9422743055555556 0.7768055555555555 0.0203125 0.0075
1 0.9340277777777778 0.7508333333333334 0.019791666666666666 0.0077777777777777776
1 0.9483506944444444 0.7638888888888888 0.0203125 0.005
1 0.9665798611111112 0.77375 0.021354166666666667 0.0075
1 0.9728298611111111 0.7869444444444444 0.0203125 0.008333333333333333
1 0.9467013888888889 0.7908333333333334 0.016319444444444445 0.011666666666666667
1 0.91796875 0.7193055555555555 0.009895833333333333 0.006944444444444444
1 0.9280381944444445 0.7297222222222223 0.01545138888888889 0.008333333333333333
1 0.9451388888888889 0.7405555555555555 0.010069444444444445 0.011111111111111112
1 0.9605902777777777 0.7501388888888889 0.01423611111111111 0.010277777777777778
1 0.9731770833333333 0.7640277777777778 0.019618055555555555 0.010833333333333334
1 0.9888888888888889 0.7748611111111111 0.017013888888888887 0.009722222222222222
1 0.9939236111111112 0.7858333333333334 0.010763888888888889 0.0077777777777777776
1 0.9355034722222222 0.7226388888888889 0.014409722222222223 0.009166666666666667
1 0.9499131944444444 0.7301388888888889 0.00920138888888889 0.009722222222222222
1 0.9677083333333333 0.7401388888888889 0.01875 0.008055555555555555
1 0.9831597222222223 0.7520833333333333 0.019444444444444445 0.005277777777777778
1 0.9870659722222223 0.7404166666666666 0.016840277777777777 0.01361111111111111
0 0.04765625 0.18875 0.04357638888888889 0.0225
0 0.09991319444444445 0.18875 0.041840277777777775 0.023055555555555555
0 0.2478298611111111 0.19027777777777777 0.04079861111111111 0.020555555555555556
0 0.3229166666666667 0.19055555555555556 0.040625 0.020555555555555556
0 0.4244791666666667 0.18416666666666667 0.04097222222222222 0.02
0 0.47100694444444446 0.18666666666666668 0.04375 0.02277777777777778
0 0.5454861111111111 0.18708333333333332 0.04131944444444444 0.020833333333333332
0 0.6203993055555556 0.1897222222222222 0.042534722222222224 0.017222222222222222
0 0.7342013888888889 0.18791666666666668 0.04479166666666667 0.023055555555555555
0 0.8063368055555555 0.19027777777777777 0.0421875 0.021111111111111112
0 0.9717881944444444 0.18875 0.021701388888888888 0.025833333333333333
0 0.9589409722222222 0.4409722222222222 0.03142361111111111 0.049166666666666664
0 0.8971354166666666 0.21694444444444444 0.035243055555555555 0.04722222222222222
0 0.8797743055555556 0.44472222222222224 0.04045138888888889 0.05611111111111111
0 0.7944444444444444 0.41597222222222224 0.042708333333333334 0.024166666666666666
0 0.7002604166666667 0.4181944444444444 0.04114583333333333 0.02361111111111111
0 0.6084201388888889 0.41791666666666666 0.0421875 0.019166666666666665
0 0.5480034722222222 0.42083333333333334 0.04010416666666667 0.016666666666666666
0 0.4660590277777778 0.4191666666666667 0.04739583333333333 0.023333333333333334
0 0.3103298611111111 0.41888888888888887 0.0421875 0.01888888888888889
0 0.23671875 0.4201388888888889 0.042881944444444445 0.020277777777777777
0 0.11119791666666666 0.4211111111111111 0.041840277777777775 0.017222222222222222
0 0.04756944444444444 0.42541666666666667 0.035416666666666666 0.01972222222222222
0 0.0072048611111111115 0.41986111111111113 0.010243055555555556 0.02361111111111111
0 0.009375 0.6398611111111111 0.01597222222222222 0.025833333333333333
0 0.05859375 0.6406944444444445 0.042534722222222224 0.016944444444444446
0 0.12022569444444445 0.6406944444444445 0.043229166666666666 0.020277777777777777
0 0.2513020833333333 0.64 0.042881944444444445 0.018333333333333333
0 0.3368055555555556 0.6404166666666666 0.041666666666666664 0.020833333333333332
0 0.41258680555555555 0.6340277777777777 0.0421875 0.020277777777777777
0 0.4713541666666667 0.6372222222222222 0.042708333333333334 0.022222222222222223
0 0.5460069444444444 0.6365277777777778 0.04131944444444444 0.020833333333333332
0 0.60625 0.6394444444444445 0.04097222222222222 0.019444444444444445
0 0.7063368055555556 0.63375 0.04114583333333333 0.023055555555555555
0 0.7823784722222222 0.6381944444444444 0.042534722222222224 0.019166666666666665
0 0.8517361111111111 0.63875 0.044097222222222225 0.020277777777777777
0 0.9285590277777778 0.6380555555555556 0.041840277777777775 0.021666666666666667
0 0.98828125 0.6406944444444445 0.021354166666666667 0.016944444444444446
1 0.7591145833333334 0.6722222222222223 0.0421875 0.04055555555555555
1 0.74765625 0.6975 0.06267361111111111 0.058888888888888886
