1 0.9202999166898084 0.9467416473701621 0.08442099416828659 0.10387032748924908
1 0.824770896973063 0.983460138934833 0.08164398778117189 0.03241812768772742
1 0.8307414607053596 0.9310287793582533 0.0896973063038045 0.06715183592457824
1 0.8292141071924466 0.770095931194178 0.06109414051652319 0.08468408865365532
1 0.8589280755345737 0.8316242143565994 0.029436267703415717 0.026463777704267284
1 0.7757567342404887 0.7522328812437975 0.041932796445431825 0.07409857757194839
1 0.7367397945015274 0.754052265960966 0.026659261316301027 0.0757525636784651
1 0.7942238267148014 0.8395633476678795 0.05998333796167731 0.04697320542507443
1 0.7472924187725631 0.8253390671518359 0.024437656206609277 0.05623552762156798
1 0.7093862815884476 0.9778365861726761 0.08803110247153569 0.04300363876943434
1 0.6806442654818106 0.9335097585180284 0.08553179672313246 0.04300363876943434
1 0.6728686475978894 0.8630499503804168 0.08886420438767009 0.09460800529275554
1 0.6169119688975284 0.983460138934833 0.08025548458761456 0.03175653324512074
1 0.551791169119689 0.9788289778365862 0.04609830602610386 0.041680449884220976
1 0.6016384337683977 0.9374793251736685 0.053596223271313526 0.05425074429374793
1 0.5388780894196057 0.9220972543830632 0.040821993890585946 0.05590473040026464
1 0.5751180227714524 0.8565994045650016 0.06331574562621493 0.06715183592457824
1 0.6180227714523744 0.8686735031425736 0.01416273257428492 0.04300363876943434
1 0.5212440988614274 0.8633807476017201 0.021660649819494584 0.033741316572940785
1 0.6520410996945293 0.7868011908699967 0.06831435712302138 0.05127356930201786
1 0.6271868925298528 0.7282500826993054 0.062482643710080533 0.057889513728084686
1 0.5680366564843099 0.7606682103870327 0.04915301305193002 0.0724445914654317
1 0.5173562899194668 0.7949057227919285 0.030547070258261595 0.06880582203109493
1 0.5199944459872258 0.7393317896129673 0.04137739516800889 0.03638769434336751
1 0.5806720355456818 0.8092954019186239 0.05498472646487087 0.018193847171683757
1 0.4202999166898084 0.7307310618590804 0.05137461816162177 0.0443268276546477
1 0.4361288530963621 0.7914323519682435 0.0780338794779228 0.06384386371154482
1 0.3507359066925854 0.7601720145550778 0.0583171341294085 0.03572609990076083
1 0.2879755623437934 0.7528944756864042 0.05165231880033324 0.03440291101554747
1 0.28547625659539017 0.8111147866357923 0.06664815329075256 0.0628514720476348
1 0.32935295751180227 0.8718160767449553 0.07720077756178839 0.07442937479325173
1 0.3605942793668425 0.8071452199801522 0.05748403221327409 0.04895798875289448
1 0.4268258816995279 0.8496526629176315 0.05998333796167731 0.04201124710552431
1 0.40086087198000553 0.9245782335428382 0.0969175229103027 0.09196162752232881
1 0.26895306859205775 0.8898445253059875 0.03360177728408775 0.08336089976844195
1 0.293390724798667 0.9677472709229242 0.07747847820049986 0.061197485941118096
1 0.3894751457928353 0.9900760833608998 0.06581505137461816 0.01918623883559378
1 0.4629269647320189 0.9809791597750579 0.06498194945848375 0.03407211379424413
1 0.21618994723687865 0.9852795236520013 0.02360455429047487 0.02547138604035726
1 0.18633712857539572 0.9760172014555077 0.029991668980838656 0.04399603043334436
1 0.47139683421271866 0.9229242474363215 0.03915579005831713 0.06946741647370162
1 0.21410719244654264 0.9273900099239166 0.029436267703415717 0.04134965266291763
1 0.125520688697584 0.9176314918954681 0.022216051096917523 0.02183261660602051
1 0.09997222993612885 0.9361561362884552 0.024437656206609277 0.023817399933840556
1 0.22479866703693419 0.2934171352960635 0.04026659261316301 0.05954349983460139
1 0.1681477367397945 0.30499503804168043 0.05526242710358234 0.04895798875289448
1 0.08816995279089142 0.2934171352960635 0.07581227436823104 0.05755871650678134
1 0.20341571785615106 0.36668871981475354 0.07414607053596223 0.06384386371154482
1 0.12607608997500694 0.36619252398279856 0.07497917245209663 0.06483625537545484
1 0.0506803665648431 0.3479986768111148 0.05970563732296584 0.07343698312934172
1 0.19938905859483477 0.4336751571286801 0.07664537628436545 0.06814422758848826
1 0.11857817272979727 0.43284816407542176 0.07220216606498195 0.05524313595765796
1 0.04623715634545959 0.4262322196493549 0.06359344626492641 0.0724445914654317
1 0.2048042210497084 0.5028117763810784 0.07136906414884754 0.05755871650678134
1 0.11149680644265482 0.5082699305325835 0.07414607053596223 0.08104531921931855
1 0.03665648430991391 0.5061197485941118 0.06442654818106082 0.07476017201455508
1 0.17800610941405165 0.5812107178299702 0.07664537628436545 0.08203771088322859
1 0.09483476811996668 0.5886536553092954 0.07692307692307693 0.06715183592457824
1 0.028742016106637045 0.5749255706252068 0.05526242710358234 0.052265960965927886
1 0.18286587059150236 0.6536553092954019 0.0708136628714246 0.052265960965927886
1 0.10788669813940573 0.6524975190208402 0.06692585392946404 0.045980813761164405
1 0.03457372951957789 0.6472047634799868 0.06525965009719523 0.05656632484287132
1 0.29311302415995555 0.32004631161098246 0.06970286031657873 0.05524313595765796
1 0.37586781449597334 0.3198809130003308 0.08469869480699806 0.05755871650678134
1 0.4630658150513746 0.32517366854118424 0.0735906692585393 0.04697320542507443
1 0.430435990002777 0.2777042672841548 0.06886975840044432 0.020178630499503806
1 0.3597611774507081 0.27472709229242476 0.058039433490697026 0.020178630499503806
1 0.5045820605387392 0.2788620575587165 0.05998333796167731 0.022494211048627193
1 0.5394334906970286 0.3076414158121072 0.058039433490697026 0.05425074429374793
1 0.613996112191058 0.30383724776711873 0.07497917245209663 0.04465762487595104
1 0.6868925298528187 0.3076414158121072 0.06692585392946404 0.041680449884220976
1 0.6466259372396557 0.3630499503804168 0.06692585392946404 0.06516705259675819
1 0.5769230769230769 0.36503473370823686 0.047486809219661204 0.05855110817069137
1 0.513051930019439 0.37743962950711213 0.06970286031657873 0.06814422758848826
1 0.43390724798667035 0.38058220310949387 0.06692585392946404 0.053258352629837906
1 0.3701749514023882 0.3827323850479656 0.05165231880033324 0.05954349983460139
1 0.3008886420438767 0.38537876281839234 0.07581227436823104 0.06086668871981475
1 0.7024437656206609 0.41663910023155803 0.06970286031657873 0.06384386371154482
1 0.627048042210497 0.4315249751902084 0.08497639544570952 0.05524313595765796
1 0.5456817550680366 0.4338405557393318 0.06498194945848375 0.06582864703936486
1 0.47153568453207445 0.4444260668210387 0.08108858650374896 0.06384386371154482
1 0.40002777006387114 0.43863711544823025 0.058039433490697026 0.06086668871981475
1 0.3387947792279922 0.44922262652993716 0.06442654818106082 0.0628514720476348
1 0.27895029158567064 0.46212371816076747 0.05526242710358234 0.05425074429374793
1 0.7198000555401277 0.4809791597750579 0.07775617883921133 0.06483625537545484
1 0.6470424881977228 0.5072775388686735 0.06442654818106082 0.05127356930201786
1 0.5859483476811996 0.49454184584849487 0.06886975840044432 0.062189877605028115
1 0.5116634268258817 0.5082699305325835 0.06692585392946404 0.07442937479325173
1 0.4384893085254096 0.5183592457823354 0.06886975840044432 0.05425074429374793
1 0.3633712857539572 0.511081706913662 0.07581227436823104 0.06483625537545484
1 0.2924187725631769 0.5269599735362223 0.06053873923910025 0.06086668871981475
1 0.7261871702304915 0.5527621567978829 0.08830880311024715 0.07343698312934172
1 0.6413496251041377 0.571782997022825 0.07247986670369341 0.06913661925239828
1 0.5598444876423215 0.5701290109163083 0.0833101916134407 0.0684750248097916
1 0.48167175784504307 0.5817069136619253 0.06525965009719523 0.06318226926893813
1 0.41210774784782006 0.5812107178299702 0.0672035545681755 0.062189877605028115
1 0.34171063593446266 0.586338074760172 0.06303804498750347 0.06979821369500497
1 0.2702027214662594 0.5826993053258352 0.07053596223271313 0.05921270261329805
1 0.7339627881144126 0.6359576579556732 0.08775340183282422 0.08567648031756533
1 0.6514856984171064 0.6443929870989084 0.07053596223271313 0.07674495534237512
1 0.5795612329908358 0.6447237843202117 0.07053596223271313 0.07277538868673503
1 0.5118022771452374 0.6463777704267284 0.0583171341294085 0.07409857757194839
1 0.4416828658705915 0.655640092623222 0.07914468203276867 0.07343698312934172
1 0.3664259927797834 0.6467085676480318 0.06859205776173286 0.062189877605028115
1 0.27908914190502637 0.6496857426397619 0.08997500694251596 0.06483625537545484
1 0.8907247986670369 0.28217002977174993 0.07192446542627048 0.026463777704267284
1 0.8233823937795057 0.28084684088653655 0.06609275201332963 0.023817399933840556
1 0.7575673424048875 0.2940787297386702 0.05998333796167731 0.05292755540853457
1 0.9719522354901416 0.313264968574264 0.05165231880033324 0.06086668871981475
1 0.9763954457095251 0.3708236850810453 0.04609830602610386 0.04631161098246775
1 0.9841710635934463 0.4326827654647701 0.02832546514856984 0.07079060535891499
1 0.9930574840322133 0.5076083360899768 0.010552624271035824 0.07112140258021833
1 0.903221327409053 0.31061859080383725 0.0735906692585393 0.05954349983460139
1 0.8183837822826993 0.3264968574263976 0.05498472646487087 0.05425074429374793
1 0.7678422660372118 0.35825339067151835 0.061649541793946126 0.06086668871981475
1 0.8998889197445155 0.37016209063843863 0.08580949736184393 0.055573933178961296
1 0.8378228269925021 0.39133311280185246 0.05054151624548736 0.07145219980152166
1 0.7800610941405165 0.42573602381739994 0.06609275201332963 0.07145219980152166
1 0.928353235212441 0.43135957657955676 0.07553457372951958 0.061528283162421434
1 0.8610108303249098 0.4758518028448561 0.0547070258261594 0.08038372477671188
1 0.798667036934185 0.4943764472378432 0.07331296861982782 0.07112140258021833
1 0.9300194390447099 0.49933840555739334 0.09552901971674535 0.07045980813761164
1 0.9452929741738406 0.5659940456500165 0.08719800055540128 0.06020509427720807
1 0.8679533462926965 0.558716506781343 0.06970286031657873 0.07211379424412835
1 0.7978339350180506 0.5646708567648032 0.06387114690363788 0.0668210387032749
1 0.9741738405998334 0.6366192523982799 0.04609830602610386 0.07972213033410519
1 0.907942238267148 0.6361230565663248 0.07581227436823104 0.06946741647370162
1 0.8278256039988892 0.6387694343367516 0.07608997500694252 0.0774065497849818
1 0.18772563176895307 0.12917631491895468 0.07053596223271313 0.03473370823685081
1 0.1439877811718967 0.09907376778035064 0.031380172174396 0.03473370823685081
1 0.07553457372951958 0.12421435659940457 0.09552901971674535 0.05524313595765796
1 0.012496528742016106 0.143069798213695 0.024993057484032213 0.04002646377770427
1 0.18078311580116635 0.09642739000992391 0.03443487920022216 0.030102547138604035
1 0.2120244376562066 0.10568971220641747 0.02249375173562899 0.02811776381078399
1 0.21424604276589837 0.07327158451869004 0.026936961955012495 0.030102547138604035
1 0.19661205220772007 0.048296394310287795 0.06109414051652319 0.05094277208071452
1 0.18078311580116635 0.03126033741316573 0.053318522632602054 0.039364869335097585
1 0.22091085809497363 0.011247105524313596 0.02249375173562899 0.020509427720807147
1 0.14954179394612607 0.02844856103208733 0.03748958622604832 0.02117102216341383
1 0.14676478755901137 0.061693681773073106 0.03471257983893363 0.030764141581210717
1 0.11566231602332686 0.07442937479325173 0.03304637600666482 0.023817399933840556
1 0.09525131907803389 0.08518028448561032 0.04165509580672035 0.02811776381078399
1 0.056789780616495415 0.09212702613298049 0.030824770896973063 0.045980813761164405
1 0.029019716745348513 0.07773734700628515 0.04470980283254652 0.0668210387032749
1 0.014301582893640655 0.05309295401918624 0.021382949180783116 0.03738008600727754
1 0.047486809219661204 0.0342375124048958 0.0583171341294085 0.04399603043334436
1 0.10386003887808942 0.0415150512735693 0.049986114968064425 0.02547138604035726
1 0.3957234101638434 0.02762156797882898 0.11274645931685642 0.053919947072444595
1 0.36712024437656204 0.05425074429374793 0.12607608997500694 0.0443268276546477
1 0.2925576228825326 0.017201455507773734 0.08081088586503749 0.03440291101554747
1 0.2851985559566787 0.047800198478332785 0.07553457372951958 0.053258352629837906
1 0.2718689252985282 0.0869996692027787 0.048875312413218554 0.08468408865365532
1 0.3193557345181894 0.0982467747270923 0.044432102193835046 0.037049288785974195
1 0.31741183004720913 0.1402580218326166 0.03776728686475979 0.052265960965927886
1 0.2581227436823105 0.14687396625868343 0.05137461816162177 0.05954349983460139
1 0.35656762010552623 0.11594442606682104 0.07053596223271313 0.09493880251405888
1 0.4679255762288253 0.05954349983460139 0.029991668980838656 0.05425074429374793
1 0.42696473201888363 0.0802183261660602 0.10247153568453207 0.03804168044988422
1 0.4782004998611497 0.10783989414488919 0.08775340183282422 0.04763479986768111
1 0.3893362954734796 0.14786635792259345 0.08775340183282422 0.058881905391994706
1 0.46806442654818103 0.1620906384386371 0.024159955567897805 0.03903407211379424
1 0.7660372118855874 0.09345021501819385 0.4662593723965565 0.1869004300363877
0 0.04040544293251874 0.22593450215018193 0.07858928075534574 0.054912338736354614
0 0.2743682310469314 0.2345352299040688 0.08219938905859484 0.03771088322858088
0 0.5655373507359067 0.23354283824015878 0.08747570119411274 0.03771088322858088
0 0.051235767842266036 0.7123718160767449 0.07747847820049986 0.02811776381078399
0 0.3536517633990558 0.7156797882897784 0.07858928075534574 0.0387032748924909
0 0.8778117189669536 0.7082368508104532 0.0833101916134407 0.025802183261660602
0 0.07234101638433768 0.9788289778365862 0.09302971396834213 0.04035726099900761
