0 0.2658579732120293 0.3392857142857143 0.026282537275713926 0.018867924528301886
0 0.31475865554713167 0.3404649595687331 0.026535253980288095 0.017857142857142856
0 0.42153146322971946 0.34147574123989216 0.04195097295931261 0.021900269541778976
0 0.615744250694971 0.33995956873315364 0.029567854435178165 0.02223719676549865
0 0.7192317412180945 0.3404649595687331 0.02577710386656558 0.01853099730458221
0 0.8860247662370483 0.3411388140161725 0.02476623704826889 0.01853099730458221
0 0.2702805155420773 0.535377358490566 0.026535253980288095 0.018867924528301886
0 0.47207480414455394 0.5330188679245284 0.04043467273186758 0.01954177897574124
0 0.6166287591609806 0.5335242587601078 0.02577710386656558 0.017857142857142856
0 0.7602982057113975 0.5348719676549866 0.028051554207733132 0.019204851752021565
0 0.41003285317159466 0.731300539083558 0.04220368966388678 0.017857142857142856
0 0.6122062168309326 0.7280997304582211 0.02552438716199141 0.02021563342318059
0 0.08276472074804145 0.9759097035040432 0.034622188526661615 0.025943396226415096
0 0.24273439474349254 0.9745619946091644 0.035127621935809955 0.025943396226415096
0 0.42658579732120294 0.9759097035040432 0.02982057113975234 0.02324797843665768
0 0.5329795299469295 0.9747304582210242 0.030326004548900682 0.022911051212938006
0 0.6161233257518322 0.9720350404312669 0.04953247409653778 0.02628032345013477
0 0.813874147081122 0.9737196765498652 0.033105888299216575 0.022911051212938006
0 0.9564063684609553 0.9737196765498652 0.037149355572403335 0.0215633423180593
1 0.05420773313115997 0.913578167115903 0.08466009603234774 0.10006738544474393
1 0.1360879454131918 0.9065026954177897 0.07707859489512257 0.11152291105121294
1 0.060652009097801364 0.8226078167115903 0.07429871114480667 0.08861185983827494
1 0.070381602223907 0.7442722371967655 0.05686125852918878 0.06671159029649595
1 0.13495072024260804 0.7715633423180593 0.07177154409906494 0.10175202156334232
1 0.20596411422795047 0.7762803234501348 0.06873894364417488 0.0963611859838275
1 0.18498862774829417 0.8450134770889488 0.038918372504422545 0.05727762803234501
1 0.18776851149861007 0.9083557951482479 0.027293404094010616 0.06671159029649595
1 0.13229719484457922 0.8379380053908356 0.0639373262572656 0.028975741239892182
1 0.09173616376042457 0.6848045822102425 0.056608541824614604 0.052223719676549867
1 0.09299974728329542 0.6379716981132075 0.05458680818802123 0.05357142857142857
1 0.10310841546626232 0.5869272237196765 0.04902704068738944 0.04043126684636118
1 0.1406368460955269 0.6113544474393531 0.03361132170836492 0.079177897574124
1 0.1416477129138236 0.682277628032345 0.037149355572403335 0.05525606469002695
1 0.18776851149861007 0.5970350404312669 0.06419004296183978 0.06334231805929919
1 0.19168562041950973 0.6763814016172507 0.05736669193833712 0.07648247978436658
1 0.25878190548395247 0.6492587601078167 0.0722769775082133 0.14420485175202155
1 0.3080616628759161 0.6713274932614556 0.04599444023249937 0.19171159029649595
1 0.3593631539044731 0.6580188679245284 0.05256507455142785 0.15902964959568733
1 0.25461207985847867 0.7870619946091644 0.026535253980288095 0.04245283018867924
1 0.3060399292393227 0.8003706199460916 0.04043467273186758 0.054245283018867926
1 0.3538033864038413 0.8119946091644205 0.043467273186757645 0.06199460916442048
1 0.2715440990649482 0.8352425876010782 0.053828658074298714 0.0444743935309973
1 0.32284559009350516 0.8512466307277629 0.027040687389436442 0.04481132075471698
1 0.34874905231235787 0.881233153638814 0.039423805913570885 0.06772237196765499
1 0.3527925195855446 0.9324460916442049 0.02880970432145565 0.03537735849056604
1 0.3170331058882992 0.9248652291105122 0.03613848875410665 0.04919137466307277
1 0.2954258276472075 0.886455525606469 0.0338640384129391 0.05997304582210242
1 0.25486479656305283 0.887466307277628 0.04877432398281526 0.06132075471698113
1 0.27862016679302504 0.9263814016172507 0.039171089208996715 0.043463611859838276
1 0.23553196866312864 0.9255390835579514 0.038918372504422545 0.04514824797843666
1 0.3610058124842052 0.7649932614555256 0.04220368966388678 0.027964959568733155
1 0.38867829163507706 0.7954851752021563 0.02982057113975234 0.04649595687331536
1 0.4162244124336619 0.7932951482479784 0.025271670457417236 0.034029649595687335
1 0.4505938842557493 0.769878706199461 0.02122820318423048 0.03975741239892183
1 0.4416224412433662 0.7983490566037735 0.021986353297952996 0.027964959568733155
1 0.46461966135961585 0.806266846361186 0.02047005307050796 0.02830188679245283
1 0.4716957290876927 0.7857142857142857 0.019964619661359616 0.02425876010781671
1 0.4944402324993682 0.7745956873315364 0.019964619661359616 0.027628032345013476
1 0.5152893606267375 0.7703840970350404 0.02122820318423048 0.0272911051212938
1 0.5363912054586808 0.7757749326145552 0.017437452615617893 0.02324797843665768
1 0.508845084660096 0.742756064690027 0.017942886024766236 0.028638814016172506
1 0.5504169825625473 0.7998652291105122 0.019711902956785442 0.02425876010781671
1 0.524892595400556 0.7976752021563343 0.01819560272934041 0.02257412398921833
1 0.5079605761940864 0.7961590296495957 0.014152135456153651 0.02425876010781671
1 0.49115491533990396 0.8045822102425876 0.017437452615617893 0.022911051212938006
1 0.5310841546626232 0.8247978436657682 0.017942886024766236 0.02628032345013477
1 0.5138994187515795 0.8244609164420486 0.014404852160727824 0.027628032345013476
1 0.4981046247156937 0.8279986522911051 0.01617386909274703 0.02122641509433962
1 0.4796563052817791 0.8234501347708895 0.017690169320192066 0.024932614555256066
1 0.44920394238059136 0.8315363881401617 0.02148091988880465 0.02425876010781671
1 0.42481678038918375 0.8247978436657682 0.0192064695476371 0.02628032345013477
1 0.40181956027293403 0.8241239892183289 0.023249936820823856 0.027628032345013476
1 0.39423805913570886 0.8578167115902965 0.01819560272934041 0.03369272237196765
1 0.41710892089967144 0.8566374663072777 0.018953752843062926 0.03335579514824798
1 0.4414960828910791 0.8613544474393531 0.02577710386656558 0.023921832884097036
1 0.46739954510993176 0.8517520215633423 0.02249178670710134 0.03504043126684636
1 0.5080869345463735 0.8495619946091644 0.017437452615617893 0.02055256064690027
1 0.5284306292645944 0.851078167115903 0.020722769775082132 0.02223719676549865
1 0.395880717715441 0.8884770889487871 0.018448319433914583 0.024932614555256066
1 0.41357088703563305 0.8903301886792453 0.01592115238817286 0.025943396226415096
1 0.43391458175385395 0.8921832884097035 0.020722769775082132 0.029649595687331536
1 0.45830174374526156 0.890667115902965 0.02451352034369472 0.028638814016172506
1 0.48104624715693706 0.883423180592992 0.019964619661359616 0.01752021563342318
1 0.5001263583522871 0.8785377358490566 0.015163002274450341 0.02526954177897574
1 0.5181956027293404 0.8785377358490566 0.01693201920646955 0.024595687331536387
1 0.5360121304018196 0.8746630727762803 0.01617386909274703 0.018867924528301886
1 0.5350012635835228 0.8974056603773585 0.021733636593378822 0.02324797843665768
1 0.51604751074046 0.9048180592991913 0.01819560272934041 0.02257412398921833
1 0.5362648471063938 0.9235175202156334 0.019711902956785442 0.022911051212938006
1 0.4982309830679808 0.9075134770889488 0.01491028556987617 0.02122641509433962
1 0.4807935304523629 0.9046495956873315 0.01693201920646955 0.018194070080862535
1 0.5126358352287086 0.932277628032345 0.026535253980288095 0.02223719676549865
1 0.48786959818043973 0.930256064690027 0.018448319433914583 0.027628032345013476
1 0.46954763709881225 0.9309299191374663 0.015668435683598686 0.03234501347708895
1 0.44806671721000757 0.9221698113207547 0.02476623704826889 0.024932614555256066
1 0.39727065959059893 0.9209905660377359 0.019711902956785442 0.038746630727762806
1 0.42089967146828405 0.9258760107816711 0.02552438716199141 0.0330188679245283
1 0.7282031842304776 0.7970013477088949 0.027546120798584785 0.07446091644204851
1 0.7016679302501896 0.7880727762803235 0.029062421026029822 0.0660377358490566
1 0.6779125600202174 0.7809973045822103 0.0310841546626232 0.0761455525606469
1 0.6585797321202932 0.7681940700808625 0.04043467273186758 0.05323450134770889
1 0.6333080616628759 0.7692048517520216 0.03083143795804903 0.05997304582210242
1 0.6130907252969421 0.7724056603773585 0.039423805913570885 0.06704851752021564
1 0.5782158200657064 0.7601078167115903 0.024260803639120546 0.0431266846361186
1 0.5582512004043467 0.7700471698113207 0.02779883750315896 0.04683288409703504
1 0.5740459944402325 0.8032345013477089 0.02148091988880465 0.03571428571428571
1 0.6023502653525398 0.8025606469002695 0.03007328784432651 0.04716981132075472
1 0.6272428607530958 0.8136792452830188 0.014152135456153651 0.012129380053908356
1 0.568991660348749 0.8475404312668463 0.020975486479656306 0.05087601078167116
1 0.5922415971695729 0.8409703504043127 0.02249178670710134 0.04110512129380054
1 0.6175132676269901 0.8443396226415094 0.021986353297952996 0.027628032345013476
1 0.6460702552438716 0.8446765498652291 0.028556987616881475 0.05121293800539083
1 0.6693201920646955 0.8288409703504043 0.026029820571139752 0.05121293800539083
1 0.6933282789992419 0.8365902964959568 0.017942886024766236 0.03436657681940701
1 0.7192317412180945 0.8515835579514824 0.02880970432145565 0.05289757412398922
1 0.7193580995703815 0.9007749326145552 0.021986353297952996 0.0373989218328841
1 0.6977508213292899 0.8753369272237197 0.017690169320192066 0.03369272237196765
1 0.676017184735911 0.8694407008086253 0.022744503411675512 0.0272911051212938
1 0.6547889815516805 0.880222371967655 0.015163002274450341 0.017857142857142856
1 0.6278746525145312 0.881233153638814 0.035127621935809955 0.039420485175202157
1 0.5988122314885014 0.8856132075471698 0.01693201920646955 0.04009433962264151
1 0.5804902704068738 0.882243935309973 0.015668435683598686 0.024595687331536387
1 0.5687389436441749 0.8945417789757413 0.015415718979024514 0.024932614555256066
1 0.6244629770027799 0.9022911051212938 0.02678797068486227 0.02358490566037736
1 0.6525145312105131 0.905154986522911 0.01718473591104372 0.025943396226415096
1 0.6739954510993177 0.9024595687331537 0.02122820318423048 0.03133423180592992
1 0.7124083901945919 0.9270552560646901 0.02779883750315896 0.017183288409703505
1 0.6882739449077584 0.9292452830188679 0.02350265352539803 0.027628032345013476
1 0.6626231993934799 0.9300876010781671 0.022239070002527166 0.02526954177897574
1 0.6391205458680819 0.9273921832884097 0.022744503411675512 0.025943396226415096
1 0.614354308819813 0.9223382749326146 0.023755370229972202 0.02931266846361186
1 0.5905989385898408 0.9257075471698113 0.0192064695476371 0.042789757412398925
1 0.5720242608036391 0.9220013477088949 0.017942886024766236 0.027964959568733155
1 0.8535506696992671 0.7565700808625337 0.08162749557745767 0.07378706199460916
1 0.7781147333838767 0.7774595687331537 0.08188021228203184 0.10074123989218328
1 0.860753095779631 0.7890835579514824 0.08390194591862522 0.06401617250673855
1 0.8526661612332576 0.8042452830188679 0.07025524387161991 0.05390835579514825
1 0.8584786454384635 0.8300202156334232 0.07530957796310336 0.03605121293800539
1 0.7717968157695224 0.8153638814016172 0.0722769775082133 0.07681940700808626
1 0.8516552944149608 0.8492250673854448 0.06722264341672984 0.034029649595687335
1 0.8526661612332576 0.8726415094339622 0.04245640636846096 0.03032345013477089
1 0.8508971443012383 0.8911725067385444 0.07025524387161991 0.03099730458221024
1 0.8473591104371999 0.918800539083558 0.056608541824614604 0.03099730458221024
1 0.7874652514531211 0.8711253369272237 0.06924437705332323 0.02931266846361186
1 0.7776092999747283 0.8493935309973046 0.05458680818802123 0.03638814016172507
1 0.7835481425322214 0.9137466307277629 0.07151882739449078 0.04380053908355795
1 0.9503411675511751 0.7931266846361186 0.06646449330300733 0.06401617250673855
1 0.9460449835734142 0.7491576819407008 0.04270912307303513 0.019204851752021565
1 0.9714430123831185 0.8532681940700808 0.05711397523376295 0.03133423180592992
1 0.9644933030073288 0.9140835579514824 0.06899166034874905 0.0862533692722372
1 0.9070002527167046 0.9199797843665768 0.05104877432398282 0.06300539083557952
1 0.9120545868081881 0.6559973045822103 0.08188021228203184 0.14824797843665768
1 0.9716957290876927 0.6538072776280324 0.05307050796057619 0.1566711590296496
1 0.8479909021986354 0.695923180592992 0.028051554207733132 0.040768194070080865
1 0.8185494061157442 0.6984501347708895 0.028304270912307302 0.04043126684636118
1 0.7882234015668436 0.7060309973045822 0.029315137730603992 0.028638814016172506
1 0.7567601718473591 0.6996293800539084 0.029062421026029822 0.038746630727762806
1 0.7236542835481425 0.7006401617250674 0.028051554207733132 0.04009433962264151
1 0.7840535759413697 0.6713274932614556 0.028556987616881475 0.04009433962264151
1 0.8066717210007581 0.659366576819407 0.023249936820823856 0.03706199460916442
1 0.8321961081627496 0.6568396226415094 0.02476623704826889 0.039420485175202157
1 0.7534748546878949 0.6600404312668463 0.024008086934546372 0.0330188679245283
1 0.7227697750821329 0.659366576819407 0.02678797068486227 0.03571428571428571
1 0.7849380844073793 0.633423180592992 0.020722769775082132 0.024932614555256066
1 0.8061662875916098 0.6241576819407008 0.019711902956785442 0.027964959568733155
1 0.8362395754359363 0.6172506738544474 0.027293404094010616 0.03504043126684636
1 0.8132423553196866 0.5881064690026954 0.02678797068486227 0.032008086253369275
1 0.7836745008845085 0.5950134770889488 0.02122820318423048 0.03032345013477089
1 0.756507455142785 0.6110175202156334 0.03158958807177154 0.041442048517520216
1 0.7239070002527167 0.6189353099730458 0.027546120798584785 0.03436657681940701
1 0.7594136972453879 0.576987870619946 0.02880970432145565 0.030660377358490566
1 0.7275713924690422 0.578167115902965 0.02880970432145565 0.03369272237196765
1 0.68473591104372 0.7016509433962265 0.019964619661359616 0.024595687331536387
1 0.6624968410411928 0.703167115902965 0.018953752843062926 0.024932614555256066
1 0.6400050543340915 0.7016509433962265 0.018448319433914583 0.025943396226415096
1 0.6132170836492292 0.7003032345013477 0.02047005307050796 0.02257412398921833
1 0.5874399797826636 0.6977762803234502 0.021986353297952996 0.026954177897574125
1 0.5636846095526914 0.6984501347708895 0.019964619661359616 0.026954177897574125
1 0.6843568359868587 0.6726752021563343 0.02122820318423048 0.028638814016172506
1 0.6522618145059389 0.6757075471698113 0.023249936820823856 0.03605121293800539
1 0.6235784685367702 0.6757075471698113 0.020975486479656306 0.028638814016172506
1 0.6018448319433914 0.6699797843665768 0.01693201920646955 0.025943396226415096
1 0.5818802122820318 0.6682951482479784 0.017437452615617893 0.02526954177897574
1 0.5605256507455143 0.6701482479784366 0.020722769775082132 0.022911051212938006
1 0.6838514025777104 0.643699460916442 0.01617386909274703 0.021900269541778976
1 0.6575688653019964 0.6361185983827493 0.017690169320192066 0.0215633423180593
1 0.6355825120040435 0.6431940700808625 0.0192064695476371 0.03032345013477089
1 0.6139752337629517 0.6433625336927223 0.016426585797321203 0.025943396226415096
1 0.5965377811473338 0.6425202156334232 0.017437452615617893 0.024932614555256066
1 0.5652009097801365 0.6463948787061995 0.02047005307050796 0.027964959568733155
1 0.6762699014404853 0.6192722371967655 0.01617386909274703 0.018194070080862535
1 0.6479656305281779 0.6133760107816711 0.015163002274450341 0.01853099730458221
1 0.6298963861511246 0.610512129380054 0.017942886024766236 0.020889487870619946
1 0.6080363912054587 0.6128706199460916 0.020722769775082132 0.02628032345013477
1 0.5863027546120798 0.618766846361186 0.017690169320192066 0.021900269541778976
1 0.5591357088703564 0.6147237196765498 0.019459186252211273 0.02257412398921833
1 0.5649481930755623 0.5891172506738545 0.022997220116249686 0.025943396226415096
1 0.5840283042709123 0.5936657681940701 0.016679302501895376 0.022911051212938006
1 0.6426585797321203 0.5911388140161725 0.0192064695476371 0.02257412398921833
1 0.6611068991660348 0.5983827493261455 0.014657568865301996 0.022911051212938006
1 0.6839777609299975 0.601078167115903 0.019964619661359616 0.02628032345013477
1 0.5216072782410918 0.6922169811320755 0.03083143795804903 0.04615902964959569
1 0.4920394238059136 0.7004716981132075 0.025271670457417236 0.0330188679245283
1 0.46638867829163505 0.7021563342318059 0.02350265352539803 0.026954177897574125
1 0.43467273186757643 0.6986185983827493 0.03234773818549406 0.05087601078167116
1 0.40181956027293403 0.6972708894878706 0.029315137730603992 0.04211590296495957
1 0.5223654283548143 0.6501010781671159 0.028304270912307302 0.03335579514824798
1 0.4916603487490523 0.6590296495956873 0.03007328784432651 0.04110512129380054
1 0.4608289107910033 0.6677897574123989 0.028556987616881475 0.03571428571428571
1 0.4302501895375284 0.6509433962264151 0.029062421026029822 0.03908355795148248
1 0.40169320192064695 0.6517857142857143 0.025018953752843062 0.04211590296495957
1 0.5214809198888046 0.6116913746630728 0.029567854435178165 0.03807277628032345
1 0.4891331817033106 0.6127021563342318 0.0310841546626232 0.043463611859838276
1 0.4569118018701036 0.6261792452830188 0.029315137730603992 0.040768194070080865
1 0.43100833965125096 0.6100067385444744 0.02552438716199141 0.03605121293800539
1 0.4048521607278241 0.6128706199460916 0.023755370229972202 0.03032345013477089
1 0.5217336365933788 0.574966307277628 0.027546120798584785 0.03133423180592992
1 0.46575688653019964 0.5891172506738545 0.0338640384129391 0.038746630727762806
1 0.4131918119787718 0.5798517520215634 0.034874905231235785 0.03975741239892183
1 0.9235531968663129 0.45653638814016173 0.1518827394490776 0.1792452830188679
1 0.7194844579226687 0.49713611859838275 0.032853171594642405 0.03335579514824798
1 0.7509476876421531 0.49831536388140163 0.027040687389436442 0.03167115902964959
1 0.7803891837250442 0.4969676549865229 0.02880970432145565 0.03638814016172507
1 0.8074298711144806 0.5001684636118598 0.023755370229972202 0.028638814016172506
1 0.8309325246398787 0.4973045822102426 0.02021733636593379 0.03234501347708895
1 0.8303007328784433 0.46142183288409705 0.026029820571139752 0.034703504043126686
1 0.8349759919130655 0.4248652291105121 0.022239070002527166 0.03099730458221024
1 0.8131159969673996 0.39235175202156336 0.0310841546626232 0.040768194070080865
1 0.8051554207733131 0.430256064690027 0.029315137730603992 0.03032345013477089
1 0.769775082132929 0.42975067385444743 0.023755370229972202 0.02931266846361186
1 0.7834217841799342 0.39858490566037735 0.02678797068486227 0.04649595687331536
1 0.7524639878695982 0.3948787061994609 0.030578721253474855 0.03840970350404313
1 0.7197371746272428 0.3957210242587601 0.03133687136719737 0.038746630727762806
1 0.7145564821834723 0.43194070080862534 0.022997220116249686 0.03099730458221024
1 0.7418498862774829 0.4300876010781671 0.03007328784432651 0.03335579514824798
1 0.7999747283295425 0.46226415094339623 0.030578721253474855 0.0444743935309973
1 0.7702805155420773 0.4620956873315364 0.02880970432145565 0.03807277628032345
1 0.7438716199140764 0.46597035040431267 0.029062421026029822 0.03975741239892183
1 0.7164518574677786 0.46327493261455527 0.02476623704826889 0.03167115902964959
1 0.6753853929744756 0.49713611859838275 0.02552438716199141 0.043463611859838276
1 0.6545362648471064 0.49359838274932616 0.02779883750315896 0.03369272237196765
1 0.6695729087692697 0.460411051212938 0.022997220116249686 0.025943396226415096
1 0.6733636593378822 0.443733153638814 0.026535253980288095 0.02425876010781671
1 0.6661612332575183 0.3952156334231806 0.03639120545868082 0.02830188679245283
1 0.6621177659843316 0.4172843665768194 0.030326004548900682 0.026617250673854446
1 0.6497346474601972 0.4440700808625337 0.024260803639120546 0.03369272237196765
1 0.6401314126863785 0.46529649595687333 0.029315137730603992 0.02358490566037736
1 0.6240839019459187 0.42840296495956875 0.022997220116249686 0.026617250673854446
1 0.636340662117766 0.39403638814016173 0.01819560272934041 0.02931266846361186
1 0.6149861005812485 0.39403638814016173 0.02148091988880465 0.025943396226415096
1 0.6210513014910286 0.45350404312668463 0.016426585797321203 0.020889487870619946
1 0.6159969673995451 0.4868598382749326 0.017437452615617893 0.02425876010781671
1 0.6365933788223401 0.505222371967655 0.018701036138488752 0.0272911051212938
1 0.6194086429112965 0.5101078167115903 0.018701036138488752 0.016172506738544475
1 0.6004548900682335 0.508423180592992 0.013646702047005308 0.0215633423180593
1 0.5849128127369219 0.5112870619946092 0.013393985342431134 0.015835579514824796
1 0.5668435683598686 0.5080862533692723 0.0192064695476371 0.022911051212938006
1 0.5491533990396765 0.5116239892183289 0.013141268637856963 0.015835579514824796
1 0.5481425322213799 0.49022911051212936 0.016679302501895376 0.022911051212938006
1 0.5846600960323477 0.4903975741239892 0.01693201920646955 0.02324797843665768
1 0.5635582512004044 0.4757412398921833 0.022239070002527166 0.02830188679245283
1 0.5490270406873894 0.4511455525606469 0.020975486479656306 0.026954177897574125
1 0.5821329289866061 0.4617587601078167 0.016426585797321203 0.02324797843665768
1 0.5981804397270659 0.47692048517520214 0.01718473591104372 0.025943396226415096
1 0.6135961587060905 0.4678234501347709 0.011624968410411928 0.009097035040431268
1 0.6029820571139752 0.4462601078167116 0.017690169320192066 0.025943396226415096
1 0.6046247156937073 0.42200134770889486 0.012383118524134444 0.015835579514824796
1 0.5841546626231994 0.4375 0.01592115238817286 0.02055256064690027
1 0.5681071518827394 0.4375 0.013141268637856963 0.019204851752021565
1 0.5523123578468537 0.42284366576819404 0.019964619661359616 0.02425876010781671
1 0.5520596411422795 0.39639487870619944 0.018448319433914583 0.02257412398921833
1 0.5679807935304524 0.4107142857142857 0.011877685114986101 0.016846361185983826
1 0.5798584786454385 0.41880053908355797 0.01389941875157948 0.011455525606469003
1 0.5974222896133434 0.40380727762803237 0.017690169320192066 0.02324797843665768
1 0.5873136214303766 0.386455525606469 0.016679302501895376 0.02425876010781671
1 0.5782158200657064 0.4001010781671159 0.014152135456153651 0.02055256064690027
1 0.5150366439221633 0.4964622641509434 0.02678797068486227 0.02998652291105121
1 0.48837503158958806 0.49410377358490565 0.025018953752843062 0.03537735849056604
1 0.4603234773818549 0.4915768194070081 0.027546120798584785 0.03975741239892183
1 0.4326509982309831 0.49292452830188677 0.025271670457417236 0.03773584905660377
1 0.4049785190801112 0.49056603773584906 0.03158958807177154 0.04245283018867924
1 0.5069497093757898 0.4617587601078167 0.034874905231235785 0.040768194070080865
1 0.4728329542582765 0.4509770889487871 0.03234773818549406 0.04009433962264151
1 0.44124336618650495 0.44457547169811323 0.028304270912307302 0.0488544474393531
1 0.5136467020470054 0.4272237196765499 0.030578721253474855 0.03369272237196765
1 0.5098559514783927 0.39167789757412397 0.03158958807177154 0.04009433962264151
1 0.48319433914581755 0.41509433962264153 0.02678797068486227 0.0431266846361186
1 0.4518574677786202 0.40347035040431267 0.03234773818549406 0.045485175202156336
1 0.40914834470558503 0.4492924528301887 0.037402072276977505 0.038746630727762806
1 0.4086429112964367 0.42183288409703507 0.030326004548900682 0.012803234501347708
1 0.25183219610816276 0.4797843665768194 0.05130149102855699 0.08355795148247978
1 0.3033864038412939 0.47911051212938005 0.04725802375537023 0.08221024258760108
1 0.3527925195855446 0.47877358490566035 0.04953247409653778 0.08018867924528301
1 0.3536770280515542 0.40380727762803237 0.05332322466515037 0.06367924528301887
1 0.29959565327268134 0.4026280323450135 0.0502906242102603 0.06536388140161725
1 0.2504422542330048 0.40549191374663074 0.04397270659590599 0.060309973045822106
1 0.1417740712661107 0.43648921832884097 0.15516805660854183 0.159366576819407
1 0.14051048774323982 0.24949460916442048 0.17690169320192065 0.18632075471698112
1 0.3492544857215062 0.30424528301886794 0.054081374778872884 0.04514824797843666
1 0.3555724033358605 0.2147911051212938 0.043467273186757645 0.06502695417789757
1 0.3070507960576194 0.20872641509433962 0.05054334091483447 0.06233153638814016
1 0.2557493050290624 0.21057951482479784 0.04852160727824109 0.05727762803234501
1 0.31374778872883496 0.27206873315363883 0.04523629011877685 0.045485175202156336
1 0.2596664139499621 0.26044474393531 0.05888299216578216 0.03369272237196765
1 0.2608036391205459 0.30171832884097033 0.060652009097801364 0.040768194070080865
1 0.5170583775587566 0.3013814016172507 0.030326004548900682 0.04413746630727763
1 0.4844579226686884 0.30003369272237196 0.03083143795804903 0.04683288409703504
1 0.4517311094263331 0.30727762803234504 0.028556987616881475 0.03840970350404313
1 0.4263330806166288 0.3013814016172507 0.027293404094010616 0.043463611859838276
1 0.4008086934546374 0.30542452830188677 0.03083143795804903 0.04211590296495957
1 0.40106141015921154 0.26431940700808626 0.030326004548900682 0.036725067385444746
1 0.43454637351528935 0.2661725067385445 0.034622188526661615 0.04043126684636118
1 0.4603234773818549 0.24898921832884097 0.0310841546626232 0.05525606469002695
1 0.489764973464746 0.2565700808625337 0.02982057113975234 0.043463611859838276
1 0.5176901693201921 0.2548854447439353 0.029567854435178165 0.042789757412398925
1 0.514783927217589 0.2152964959568733 0.02982057113975234 0.03706199460916442
1 0.4891331817033106 0.22035040431266847 0.02350265352539803 0.026954177897574125
1 0.4643669446550417 0.20451482479784366 0.030578721253474855 0.03032345013477089
1 0.4399797826636341 0.2254043126684636 0.029315137730603992 0.03773584905660377
1 0.4095274197624463 0.22590970350404313 0.0310841546626232 0.03807277628032345
1 0.6781652767247915 0.30609838274932616 0.018953752843062926 0.023921832884097036
1 0.6550416982562547 0.3071091644204852 0.02021733636593379 0.02055256064690027
1 0.6300227445034117 0.31014150943396224 0.01819560272934041 0.02122641509433962
1 0.6096790497851908 0.30879380053908356 0.017942886024766236 0.02526954177897574
1 0.5905989385898408 0.3079514824797844 0.01819560272934041 0.027628032345013476
1 0.5712661106899166 0.3064353099730458 0.016426585797321203 0.02324797843665768
1 0.5528177912560021 0.30913072776280326 0.015415718979024514 0.019204851752021565
1 0.6785443517816527 0.2825134770889488 0.015668435683598686 0.015835579514824796
1 0.6799342936568107 0.2644878706199461 0.013393985342431134 0.022911051212938006
1 0.6835986858731362 0.2403975741239892 0.0192064695476371 0.019204851752021565
1 0.6738690927470306 0.22136118598382748 0.01389941875157948 0.018867924528301886
1 0.6796815769522365 0.1954177897574124 0.019459186252211273 0.024932614555256066
1 0.6578215820065706 0.22574123989218328 0.019711902956785442 0.02425876010781671
1 0.6474601971190296 0.254211590296496 0.016679302501895376 0.023921832884097036
1 0.6637604245640637 0.2521900269541779 0.01592115238817286 0.023921832884097036
1 0.6599696739954511 0.2813342318059299 0.018953752843062926 0.026954177897574125
1 0.6391205458680819 0.27847035040431267 0.01718473591104372 0.02257412398921833
1 0.6228203184230477 0.289588948787062 0.017437452615617893 0.02055256064690027
1 0.5812484205205964 0.2830188679245283 0.017690169320192066 0.02021563342318059
1 0.5598938589840788 0.2875673854447439 0.02047005307050796 0.025943396226415096
1 0.5521859994945666 0.261455525606469 0.014152135456153651 0.020889487870619946
1 0.5731614859742229 0.2626347708894879 0.014152135456153651 0.02055256064690027
1 0.5924943138741471 0.2622978436657682 0.017437452615617893 0.021900269541778976
1 0.6151124589335355 0.26819407008086255 0.02122820318423048 0.01954177897574124
1 0.6292645943896892 0.2636455525606469 0.012130401819560273 0.015835579514824796
1 0.6293909527419762 0.244777628032345 0.01491028556987617 0.017857142857142856
1 0.6382360374020722 0.22692048517520216 0.01693201920646955 0.02324797843665768
1 0.6210513014910286 0.2262466307277628 0.015415718979024514 0.02122641509433962
1 0.6266110689916603 0.20923180592991913 0.016426585797321203 0.018194070080862535
1 0.6161233257518322 0.19390161725067384 0.013141268637856963 0.014487870619946091
1 0.6082891079100329 0.2126010781671159 0.017690169320192066 0.01954177897574124
1 0.6108162749557746 0.24528301886792453 0.01718473591104372 0.020889487870619946
1 0.5966641394996209 0.22877358490566038 0.019711902956785442 0.02223719676549865
1 0.5803639120545868 0.244777628032345 0.01693201920646955 0.019204851752021565
1 0.5638109679049785 0.2459568733153639 0.014657568865301996 0.01752021563342318
1 0.5566085418246146 0.2240566037735849 0.019459186252211273 0.02358490566037736
1 0.574677786201668 0.2240566037735849 0.015668435683598686 0.0215633423180593
1 0.5876926964872378 0.2120956873315364 0.01389941875157948 0.017857142857142856
1 0.5935051806924437 0.1972708894878706 0.016426585797321203 0.019878706199460916
1 0.5720242608036391 0.1957547169811321 0.01592115238817286 0.02830188679245283
1 0.5539550164265858 0.20097708894878707 0.014152135456153651 0.019204851752021565
1 0.7215061915592621 0.3086253369272237 0.02021733636593379 0.02628032345013477
1 0.7365428354814253 0.3128369272237197 0.007328784432650998 0.01179245283018868
1 0.7370482688905736 0.29278975741239893 0.01389941875157948 0.018194070080862535
1 0.7180945160475107 0.28049191374663074 0.02047005307050796 0.023921832884097036
1 0.7388172858225929 0.2668463611859838 0.017437452615617893 0.02830188679245283
1 0.718473591104372 0.25252695417789756 0.02021733636593379 0.0272911051212938
1 0.7354056103108415 0.23820754716981132 0.017690169320192066 0.02223719676549865
1 0.7188526661612332 0.22439353099730458 0.02047005307050796 0.02628032345013477
1 0.7185999494566591 0.19659703504043127 0.019964619661359616 0.02931266846361186
1 0.7455142784938085 0.19474393530997305 0.02982057113975234 0.03773584905660377
1 0.7480414455395502 0.22422506738544473 0.030326004548900682 0.032681940700808626
1 0.7725549658832449 0.18362533692722371 0.03184230477634572 0.04784366576819407
1 0.7803891837250442 0.216644204851752 0.03083143795804903 0.03840970350404313
1 0.7998483699772555 0.20013477088948786 0.020722769775082132 0.0215633423180593
1 0.8141268637856962 0.19743935309973046 0.018953752843062926 0.025606469002695417
1 0.8361132170836493 0.19171159029649595 0.021986353297952996 0.02425876010781671
1 0.8023755370229972 0.23079514824797845 0.022744503411675512 0.03908355795148248
1 0.8359868587313621 0.22658355795148247 0.04094010614101592 0.041442048517520216
1 0.8337124083901946 0.2671832884097035 0.047510740459944405 0.03840970350404313
1 0.8393985342431135 0.3032345013477089 0.026535253980288095 0.03234501347708895
1 0.8136214303765479 0.30154986522911054 0.02451352034369472 0.03571428571428571
1 0.7884761182714177 0.30171832884097033 0.02476623704826889 0.034029649595687335
1 0.7587819054839525 0.3002021563342318 0.032600454890068235 0.04245283018867924
1 0.7979529946929492 0.2663409703504043 0.02249178670710134 0.03537735849056604
1 0.7676269901440486 0.2560646900269542 0.03664392216325499 0.04110512129380054
1 0.8973970179428861 0.28099730458221023 0.07328784432650998 0.08692722371967655
1 0.9014404852160728 0.20636792452830188 0.08541824614607026 0.058288409703504046
1 0.9724538792014152 0.20973719676549865 0.05256507455142785 0.05357142857142857
1 0.9682840535759414 0.2811657681940701 0.06191559262067223 0.08254716981132075
