1 0.9744245524296675 0.06465809072444144 0.05115089514066496 0.0927555856465809
1 0.9229539641943734 0.06567366283006093 0.05179028132992328 0.09207853757616791
1 0.8692455242966752 0.06838185511171294 0.05051150895140665 0.08801624915368991
1 0.8164961636828645 0.06973595125253892 0.049872122762148335 0.08259986459038592
1 0.7519181585677749 0.06770480704129993 0.052429667519181586 0.08666215301286391
1 0.7001278772378516 0.06736628300609343 0.04603580562659847 0.08733920108327692
1 0.6524936061381074 0.06668923493568044 0.04283887468030691 0.09004739336492891
1 0.6058184143222506 0.06770480704129993 0.049232736572890026 0.09343263371699391
1 0.5342071611253197 0.035545023696682464 0.06457800511508952 0.05077860528097495
1 0.5351662404092071 0.08970886932972241 0.06521739130434782 0.04807041299932295
1 0.4664322250639386 0.03317535545023697 0.062020460358056265 0.05145565335138795
1 0.4657928388746803 0.0890318212593094 0.06457800511508952 0.05077860528097495
1 0.3999360613810742 0.03351387948544347 0.06074168797953964 0.05484089370345294
1 0.40281329923273657 0.0890318212593094 0.061381074168797956 0.04942450914014895
1 0.3321611253196931 0.030805687203791468 0.06585677749360613 0.05484089370345294
1 0.3328005115089514 0.0890318212593094 0.06585677749360613 0.05348679756262695
1 0.2595907928388747 0.02979011509817197 0.07033248081841433 0.055517941773865945
1 0.25895140664961636 0.08835477318889641 0.07289002557544758 0.05348679756262695
1 0.17998721227621484 0.032836831415030465 0.07097186700767263 0.05077860528097495
1 0.18382352941176472 0.08801624915368991 0.06713554987212277 0.05010155721056195
1 0.9414961636828645 0.2092078537576168 0.05690537084398977 0.0974949221394719
1 0.8823529411764706 0.20785375761679079 0.058823529411764705 0.10561949898442789
1 0.981457800511509 0.21191604603926878 0.03324808184143223 0.0907244414353419
1 0.8270460358056266 0.2156398104265403 0.04411764705882353 0.07921462423832092
1 0.7794117647058824 0.20954637779282329 0.05370843989769821 0.0927555856465809
1 0.7279411764705882 0.2092078537576168 0.049232736572890026 0.0947867298578199
1 0.6774296675191815 0.20954637779282329 0.0479539641943734 0.09681787406905891
1 0.6086956521739131 0.2020988490182803 0.0792838874680307 0.11306702775897089
1 0.5313299232736572 0.17840216655382532 0.06265984654731457 0.052132701421800945
1 0.5300511508951407 0.23425863236289776 0.061381074168797956 0.052809749492213946
1 0.4635549872122762 0.1797562626946513 0.06649616368286446 0.05348679756262695
1 0.4648337595907928 0.23459715639810427 0.0639386189258312 0.05484089370345294
1 0.39482097186700765 0.1780636425186188 0.062020460358056265 0.05145565335138795
1 0.3960997442455243 0.23561272850372375 0.05946291560102302 0.05010155721056195
1 0.3171355498721228 0.17366283006093433 0.07161125319693094 0.056194989844278946
1 0.3248081841432225 0.23392010832769128 0.06905370843989769 0.056194989844278946
1 0.24616368286445012 0.17467840216655384 0.06777493606138107 0.05822613405551794
1 0.25351662404092073 0.23188896411645227 0.06457800511508952 0.056194989844278946
1 0.14482097186700768 0.17467840216655384 0.062020460358056265 0.052809749492213946
1 0.16815856777493607 0.23155044008124576 0.06649616368286446 0.052809749492213946
1 0.10006393861892583 0.23121191604603927 0.062020460358056265 0.04942450914014895
1 0.029092071611253198 0.17772511848341233 0.058184143222506396 0.04807041299932295
1 0.0319693094629156 0.23121191604603927 0.06010230179028133 0.05077860528097495
1 0.9808184143222506 0.35680433310765064 0.0370843989769821 0.08395396073121192
1 0.9363810741687979 0.35849695328368314 0.049232736572890026 0.09004739336492891
1 0.8817135549872123 0.3595125253893026 0.049872122762148335 0.08395396073121192
1 0.8273657289002557 0.35545023696682465 0.04603580562659847 0.0907244414353419
1 0.7736572890025576 0.35545023696682465 0.05115089514066496 0.09207853757616791
1 0.7177109974424553 0.35545023696682465 0.05434782608695652 0.0907244414353419
1 0.6617647058823529 0.35138794854434663 0.049872122762148335 0.1015572105619499
1 0.6067774936061381 0.35849695328368314 0.049872122762148335 0.0927555856465809
1 0.5354859335038363 0.32362897765741366 0.05946291560102302 0.05145565335138795
1 0.5377237851662404 0.3784698713608666 0.05754475703324808 0.04874746106973595
1 0.46675191815856776 0.3239675016926202 0.06521739130434782 0.05348679756262695
1 0.4702685421994885 0.37711577522004064 0.0632992327365729 0.04874746106973595
1 0.3960997442455243 0.32193635748138116 0.06713554987212277 0.05348679756262695
1 0.3983375959079284 0.3767772511848341 0.06649616368286446 0.05077860528097495
1 0.3203324808184143 0.3767772511848341 0.07033248081841433 0.052132701421800945
1 0.2426470588235294 0.3212593094109682 0.07352941176470588 0.05484089370345294
1 0.24328644501278773 0.3781313473256601 0.0748081841432225 0.05484089370345294
1 0.10326086956521739 0.3209207853757617 0.07225063938618925 0.05145565335138795
1 0.10549872122762148 0.37745429925524715 0.0741687979539642 0.05077860528097495
1 0.03388746803069054 0.3222748815165877 0.06265984654731457 0.052809749492213946
1 0.03292838874680307 0.3781313473256601 0.0632992327365729 0.05348679756262695
1 0.9846547314578005 0.495260663507109 0.030690537084398978 0.1035883547731889
1 0.9376598465473146 0.49255247122545703 0.05946291560102302 0.10765064319566689
1 0.8772378516624041 0.4949221394719025 0.054987212276214836 0.10426540284360189
1 0.8222506393861893 0.497968855788761 0.05115089514066496 0.1008801624915369
1 0.7675831202046036 0.4983073798239675 0.05179028132992328 0.0947867298578199
1 0.7177109974424553 0.502031144211239 0.053069053708439895 0.08733920108327692
1 0.657928388746803 0.5010155721056195 0.056265984654731455 0.08801624915368991
1 0.5955882352941176 0.5010155721056195 0.05434782608695652 0.08937034529451592
1 0.5191815856777494 0.508801624915369 0.07672634271099744 0.025050778605280974
1 0.518542199488491 0.5389302640487474 0.07672634271099744 0.021665538253215978
1 0.44085677749360613 0.46750169262017605 0.06969309462915602 0.05348679756262695
1 0.4398976982097187 0.524373730534868 0.061381074168797956 0.05484089370345294
1 0.34622762148337594 0.46445497630331756 0.06841432225063938 0.052809749492213946
1 0.34654731457800514 0.525727826675694 0.06777493606138107 0.05348679756262695
1 0.2477621483375959 0.466824644549763 0.062020460358056265 0.05484089370345294
1 0.2528772378516624 0.5260663507109005 0.0632992327365729 0.05416384563303995
1 0.17199488491048592 0.5240352064996615 0.06649616368286446 0.05416384563303995
1 0.10326086956521739 0.46750169262017605 0.06713554987212277 0.052132701421800945
1 0.10134271099744245 0.524373730534868 0.06713554987212277 0.05348679756262695
1 0.030690537084398978 0.4685172647257955 0.06010230179028133 0.05145565335138795
1 0.03132992327365729 0.5247122545700744 0.06265984654731457 0.055517941773865945
1 0.9712276214833759 0.6343940419769803 0.056265984654731455 0.11374407582938388
1 0.9117647058823529 0.6340555179417738 0.06777493606138107 0.11171293161814488
1 0.8455882352941176 0.6377792823290453 0.06585677749360613 0.11103588354773189
1 0.7736572890025576 0.6347325660121869 0.07289002557544758 0.11983750846310089
1 0.7119565217391305 0.6337169939065673 0.05051150895140665 0.11916046039268788
1 0.6505754475703325 0.6343940419769803 0.07225063938618925 0.11374407582938388
1 0.5629795396419437 0.6343940419769803 0.0748081841432225 0.11645226811103589
1 0.4904092071611253 0.6252538930264049 0.07289002557544758 0.025050778605280974
1 0.49392583120204603 0.6536899119837508 0.07352941176470588 0.02234258632362898
1 0.49808184143222506 0.6797562626946513 0.0741687979539642 0.020311442112389978
1 0.41048593350383633 0.6262694651320244 0.07672634271099744 0.024373730534867976
1 0.4092071611253197 0.6530128639133378 0.08439897698209718 0.023696682464454975
1 0.41304347826086957 0.6811103588354773 0.08184143222506395 0.025727826675693975
1 0.33088235294117646 0.6100203114421124 0.06969309462915602 0.052809749492213946
1 0.3312020460358056 0.6672308733920108 0.06905370843989769 0.056194989844278946
1 0.2544757033248082 0.6100203114421124 0.0741687979539642 0.052809749492213946
1 0.2557544757033248 0.6685849695328369 0.07289002557544758 0.05890318212593094
1 0.18030690537084398 0.6100203114421124 0.07161125319693094 0.055517941773865945
1 0.17998721227621484 0.6689234935680434 0.06969309462915602 0.055517941773865945
1 0.10741687979539642 0.6096817874069059 0.06777493606138107 0.05348679756262695
1 0.10645780051150895 0.6675693974272173 0.07097186700767263 0.05687203791469194
1 0.03516624040920716 0.6106973595125254 0.06521739130434782 0.052809749492213946
1 0.03164961636828645 0.6682464454976303 0.06074168797953964 0.055517941773865945
1 0.5255754475703325 0.9190927555856466 0.06905370843989769 0.052132701421800945
1 0.41815856777493604 0.9190927555856466 0.07544757033248081 0.05754908598510494
1 0.32001278772378516 0.9214624238320921 0.05946291560102302 0.055517941773865945
1 0.32768542199488493 0.8591740013540962 0.058184143222506396 0.05145565335138795
1 0.2631074168797954 0.8574813811780636 0.05946291560102302 0.056194989844278946
1 0.2506393861892583 0.9207853757616791 0.061381074168797956 0.05416384563303995
1 0.18478260869565216 0.9221394719025051 0.058823529411764705 0.05687203791469194
1 0.11796675191815857 0.8669600541638456 0.06457800511508952 0.05348679756262695
1 0.11572890025575447 0.9238320920785376 0.06521739130434782 0.052132701421800945
1 0.0479539641943734 0.8710223425863236 0.0639386189258312 0.04942450914014895
1 0.04539641943734015 0.926878808395396 0.061381074168797956 0.05010155721056195
1 0.9629156010230179 0.7958700067704807 0.04731457800511509 0.05077860528097495
1 0.9104859335038363 0.7941773865944483 0.043478260869565216 0.05416384563303995
1 0.8542199488491049 0.7962085308056872 0.05754475703324808 0.052809749492213946
1 0.7944373401534527 0.8023019634394042 0.049232736572890026 0.03656059580230196
1 0.7404092071611253 0.7975626269465133 0.054987212276214836 0.046039268788083954
1 0.6825447570332481 0.7962085308056872 0.046675191815856776 0.04874746106973595
1 0.6265984654731458 0.7995937711577522 0.056265984654731455 0.046039268788083954
1 0.41751918158567775 0.7857142857142857 0.0907928388746803 0.06973595125253892
1 0.32225063938618925 0.7789438050101557 0.07800511508951406 0.07786052809749493
1 0.2375319693094629 0.7782667569397427 0.07736572890025575 0.08056872037914692
1 0.14929667519181586 0.7775897088693298 0.07864450127877237 0.07786052809749493
1 0.06297953964194374 0.7786052809749492 0.07736572890025575 0.08259986459038592
1 0.6460997442455243 0.939742721733243 0.08759590792838874 0.009478672985781991
1 0.6438618925831202 0.9251861882193636 0.08695652173913043 0.010155721056194989
1 0.6438618925831202 0.9174001354096141 0.09462915601023018 0.006770480704129994
1 0.6381074168797954 0.9096140825998645 0.08695652173913043 0.008801624915368992
1 0.639386189258312 0.8984427894380501 0.09207161125319693 0.009478672985781991
1 0.6371483375959079 0.8862559241706162 0.10166240409207161 0.009478672985781991
1 0.635230179028133 0.8747461069735951 0.09782608695652174 0.010832769126607989
1 0.7487212276214834 0.8750846310088016 0.07544757033248081 0.004739336492890996
1 0.7474424552429667 0.8845633039945836 0.07672634271099744 0.003385240352064997
1 0.7480818414322251 0.8909952606635071 0.07800511508951406 0.006770480704129994
1 0.7461636828644501 0.896411645226811 0.07800511508951406 0.004062288422477996
1 0.745843989769821 0.9048747461069736 0.07864450127877237 0.010155721056194989
1 0.7426470588235294 0.9184157075152336 0.079923273657289 0.008801624915368992
1 0.7426470588235294 0.9306025727826676 0.07736572890025575 0.008801624915368992
1 0.7432864450127877 0.9410968178740691 0.08248081841432225 0.008124576844955992
1 0.8960997442455243 0.9045362220717671 0.20652173913043478 0.07176709546377792
1 0.8212915601023018 0.9346648612051456 0.04283887468030691 0.012863913337846988
1 0.9290281329923273 0.9143534190927556 0.028132992327365727 0.052132701421800945
0 0.9226342710997443 0.12660798916723087 0.03580562659846547 0.018957345971563982
0 0.8698849104859335 0.12457684495599188 0.03644501278772379 0.018957345971563982
0 0.6563299232736572 0.12660798916723087 0.037723785166240406 0.018957345971563982
0 0.6950127877237852 0.12694651320243738 0.03580562659846547 0.01963439404197698
0 0.594309462915601 0.15673662830060933 0.026214833759590793 0.07379823967501693
0 0.38938618925831203 0.12694651320243738 0.03580562659846547 0.016926201760324982
0 0.10453964194373401 0.12525389302640488 0.03516624040920716 0.016249153689911984
0 0.8804347826086957 0.27048070412999325 0.034526854219948847 0.016926201760324982
0 0.7247442455242967 0.2728503723764387 0.03388746803069054 0.017603249830737983
0 0.6058184143222506 0.2725118483412322 0.03516624040920716 0.016926201760324982
0 0.3897058823529412 0.27217332430602575 0.03516624040920716 0.016249153689911984
0 0.23433503836317135 0.27183480027081924 0.03516624040920716 0.016926201760324982
0 0.10230179028132992 0.2708192281651997 0.034526854219948847 0.016249153689911984
0 0.029092071611253198 0.4163845633039946 0.03516624040920716 0.018957345971563982
0 0.10517902813299233 0.4163845633039946 0.03516624040920716 0.017603249830737983
0 0.23337595907928388 0.41570751523358157 0.034526854219948847 0.016249153689911984
0 0.3858695652173913 0.41706161137440756 0.03516624040920716 0.017603249830737983
0 0.6054987212276215 0.4150304671631686 0.03324808184143223 0.020311442112389978
0 0.9763427109974424 0.4143534190927556 0.034526854219948847 0.018957345971563982
0 0.9411764705882353 0.5626269465132024 0.03580562659846547 0.017603249830737983
0 0.6051790281329923 0.5619498984427894 0.03516624040920716 0.017603249830737983
0 0.5361253196930946 0.5626269465132024 0.03388746803069054 0.017603249830737983
0 0.09878516624040921 0.5643195666892349 0.03516624040920716 0.016926201760324982
0 0.6035805626598465 0.7054840893703453 0.034526854219948847 0.018957345971563982
0 0.6470588235294118 0.973595125253893 0.03580562659846547 0.018957345971563982
0 0.4210358056265985 0.9759647935003385 0.03644501278772379 0.01828029790115098
0 0.2547953964194373 0.9766418415707515 0.03644501278772379 0.016926201760324982
0 0.11860613810741688 0.979011509817197 0.03516624040920716 0.018957345971563982
0 0.33312020460358055 0.7985781990521327 0.034526854219948847 0.02234258632362898
0 0.6345907928388747 0.7979011509817197 0.03388746803069054 0.01963439404197698
1 0.8158567774936062 0.07041299932295193 0.05115089514066496 0.08395396073121192
