1 0.11342592592592593 0.39372519841269843 0.013888888888888888 0.023561507936507936
1 0.1013558201058201 0.39620535714285715 0.01025132275132275 0.018105158730158732
1 0.09556878306878307 0.3888888888888889 0.005952380952380952 0.013888888888888888
1 0.08763227513227513 0.3933531746031746 0.010582010582010581 0.023809523809523808
1 0.0765542328042328 0.3933531746031746 0.011574074074074073 0.022817460317460316
1 0.06696428571428571 0.39459325396825395 0.008267195767195767 0.021825396825396824
1 0.013888888888888888 0.4312996031746032 0.011904761904761904 0.022321428571428572
1 0.04646164021164021 0.39211309523809523 0.008267195767195767 0.015873015873015872
1 0.036210317460317464 0.3897569444444444 0.01025132275132275 0.019593253968253968
1 0.028439153439153438 0.43117559523809523 0.011904761904761904 0.023065476190476192
1 0.04298941798941799 0.43092757936507936 0.011904761904761904 0.023065476190476192
1 0.06299603174603174 0.43092757936507936 0.013558201058201057 0.023065476190476192
1 0.07820767195767196 0.43092757936507936 0.011574074074074073 0.022569444444444444
1 0.10185185185185185 0.4351438492063492 0.008597883597883597 0.014632936507936508
1 0.10615079365079365 0.4332837301587302 0.011243386243386243 0.017361111111111112
1 0.11656746031746032 0.43179563492063494 0.008928571428571428 0.022321428571428572
1 0.0205026455026455 0.4693700396825397 0.009259259259259259 0.02058531746031746
1 0.046296296296296294 0.466765873015873 0.013227513227513227 0.021825396825396824
1 0.01603835978835979 0.5028521825396826 0.011574074074074073 0.028025793650793652
1 0.027612433862433863 0.5027281746031746 0.006944444444444444 0.027777777777777776
1 0.038525132275132275 0.5027281746031746 0.00958994708994709 0.027777777777777776
1 0.113260582010582 0.4662698412698413 0.006944444444444444 0.014384920634920634
1 0.10532407407407407 0.4663938492063492 0.006944444444444444 0.015128968253968254
1 0.06233465608465608 0.5469990079365079 0.017526455026455025 0.01711309523809524
1 0.03736772486772487 0.5782490079365079 0.01521164021164021 0.028521825396825396
1 0.11491402116402116 0.5426587301587301 0.008267195767195767 0.025297619047619048
1 0.10681216931216932 0.5427827380952381 0.007936507936507936 0.026537698412698412
1 0.15261243386243387 0.5667162698412699 0.01951058201058201 0.03521825396825397
1 0.16997354497354497 0.5617559523809523 0.01984126984126984 0.030257936507936508
1 0.1832010582010582 0.5593998015873016 0.022486772486772486 0.024553571428571428
1 0.19775132275132276 0.5546875 0.018518518518518517 0.015128968253968254
1 0.2347883597883598 0.5753968253968254 0.0496031746031746 0.057539682539682536
1 0.1970899470899471 0.589905753968254 0.03505291005291005 0.011656746031746032
1 0.29365079365079366 0.5770089285714286 0.03835978835978836 0.04538690476190476
1 0.2706679894179894 0.5751488095238095 0.016865079365079364 0.043154761904761904
1 0.3158068783068783 0.5551835317460317 0.032407407407407406 0.008680555555555556
1 0.3330026455026455 0.5768849206349206 0.037037037037037035 0.041666666666666664
1 0.34771825396825395 0.5474950396825397 0.01488095238095238 0.017609126984126984
1 0.37367724867724866 0.5690724206349206 0.041005291005291 0.05828373015873016
1 0.41947751322751325 0.5670882936507936 0.040013227513227514 0.057787698412698416
1 0.4583333333333333 0.5659722222222222 0.037698412698412696 0.05555555555555555
1 0.4958664021164021 0.5646081349206349 0.03670634920634921 0.05530753968253968
1 0.5403439153439153 0.5725446428571429 0.04431216931216931 0.038938492063492064
1 0.5753968253968254 0.5693204365079365 0.04365079365079365 0.04290674603174603
1 0.6059854497354498 0.5622519841269841 0.0419973544973545 0.0496031746031746
1 0.646494708994709 0.5700644841269841 0.03902116402116402 0.03546626984126984
1 0.6750992063492064 0.5691964285714286 0.03273809523809524 0.034722222222222224
1 0.6901455026455027 0.5721726190476191 0.03439153439153439 0.032242063492063495
1 0.7275132275132276 0.5809771825396826 0.03968253968253968 0.033482142857142856
1 0.7483465608465608 0.5799851190476191 0.03042328042328042 0.03298611111111111
1 0.7713293650793651 0.5850694444444444 0.03802910052910053 0.037698412698412696
1 0.7862103174603174 0.5890376984126984 0.026124338624338623 0.03869047619047619
1 0.808531746031746 0.5915178571428571 0.032407407407407406 0.037698412698412696
1 0.8326719576719577 0.5947420634920635 0.041005291005291 0.037698412698412696
1 0.8556547619047619 0.5985863095238095 0.036044973544973546 0.040426587301587304
1 0.8771494708994709 0.6028025793650794 0.04398148148148148 0.040426587301587304
1 0.9079034391534392 0.6056547619047619 0.0419973544973545 0.0441468253968254
1 0.9322089947089947 0.6083829365079365 0.04365079365079365 0.043154761904761904
1 0.9651124338624338 0.6114831349206349 0.05324074074074074 0.05282738095238095
1 0.9940476190476191 0.6125992063492064 0.011243386243386243 0.052083333333333336
1 0.9702380952380952 0.5220734126984127 0.042328042328042326 0.0744047619047619
1 0.9943783068783069 0.5221974206349206 0.00992063492063492 0.07366071428571429
1 0.9002976190476191 0.5178571428571429 0.035383597883597885 0.04265873015873016
1 0.9002976190476191 0.49677579365079366 0.020833333333333332 0.01488095238095238
1 0.8541666666666666 0.5163690476190477 0.05026455026455026 0.03869047619047619
1 0.8096891534391535 0.5193452380952381 0.0539021164021164 0.04265873015873016
1 0.7825727513227513 0.5177331349206349 0.045304232804232805 0.041914682539682536
1 0.7590939153439153 0.5086805555555556 0.036044973544973546 0.041666666666666664
1 0.84755291005291 0.5414186507936508 0.06613756613756613 0.017361111111111112
1 0.9087301587301587 0.5462549603174603 0.05092592592592592 0.010168650793650794
1 0.9325396825396826 0.5389384920634921 0.041005291005291 0.010912698412698412
1 0.7212301587301587 0.5286458333333334 0.037037037037037035 0.016617063492063492
1 0.7132936507936508 0.5100446428571429 0.0496031746031746 0.03844246031746032
1 0.6875 0.5110367063492064 0.037698412698412696 0.037450396825396824
1 0.652281746031746 0.5218253968253969 0.030753968253968252 0.013392857142857142
1 0.636739417989418 0.5029761904761905 0.03009259259259259 0.04265873015873016
1 0.607308201058201 0.5035962301587301 0.03009259259259259 0.04439484126984127
1 0.6626984126984127 0.49528769841269843 0.010582010582010581 0.023809523809523808
1 0.6769179894179894 0.4973958333333333 0.041666666666666664 0.03993055555555555
1 0.576223544973545 0.5172371031746031 0.02017195767195767 0.005704365079365079
1 0.533068783068783 0.5095486111111112 0.021164021164021163 0.006200396825396825
1 0.5383597883597884 0.5167410714285714 0.01984126984126984 0.004712301587301587
1 0.4937169312169312 0.5111607142857143 0.037037037037037035 0.00496031746031746
1 0.4975198412698413 0.5164930555555556 0.022156084656084655 0.005208333333333333
1 0.42939814814814814 0.5141369047619048 0.054563492063492064 0.029265873015873016
1 0.34507275132275134 0.5102926587301587 0.044642857142857144 0.04538690476190476
1 0.37020502645502645 0.5053323412698413 0.045965608465608467 0.05233134920634921
1 0.39798280423280424 0.5043402777777778 0.008928571428571428 0.051835317460317464
1 0.2926587301587302 0.5060763888888888 0.04563492063492063 0.05580357142857143
1 0.2576058201058201 0.49677579365079366 0.021164021164021163 0.037698412698412696
1 0.24503968253968253 0.5157490079365079 0.03571428571428571 0.03844246031746032
1 0.21858465608465608 0.5137648809523809 0.01917989417989418 0.04290674603174603
1 0.19146825396825398 0.5181051587301587 0.023148148148148147 0.028273809523809524
1 0.16997354497354497 0.513640873015873 0.017857142857142856 0.030257936507936508
1 0.2208994708994709 0.43563988095238093 0.016534391534391533 0.018105158730158732
1 0.24619708994708994 0.43601190476190477 0.018187830687830687 0.019345238095238096
1 0.2681878306878307 0.43625992063492064 0.017195767195767195 0.017361111111111112
1 0.2855489417989418 0.4368799603174603 0.017526455026455025 0.017609126984126984
1 0.23627645502645503 0.4618055555555556 0.018849206349206348 0.020833333333333332
1 0.1960978835978836 0.46106150793650796 0.018518518518518517 0.015873015873015872
1 0.18039021164021163 0.4547371031746032 0.01025132275132275 0.028521825396825396
1 0.3017526455026455 0.46068948412698413 0.016865079365079364 0.0220734126984127
1 0.3210978835978836 0.46044146825396826 0.021164021164021163 0.023065476190476192
1 0.3472222222222222 0.4567212301587302 0.018518518518518517 0.025049603174603176
1 0.3680555555555556 0.4574652777777778 0.023148148148148147 0.025049603174603176
1 0.38855820105820105 0.4595734126984127 0.011904761904761904 0.018353174603174604
1 0.4041005291005291 0.4609375 0.017195767195767195 0.020089285714285716
1 0.4168320105820106 0.46130952380952384 0.010912698412698412 0.01984126984126984
1 0.4356812169312169 0.4568452380952381 0.02017195767195767 0.025297619047619048
1 0.46048280423280424 0.4575892857142857 0.021494708994708994 0.025297619047619048
1 0.48578042328042326 0.4497767857142857 0.037037037037037035 0.041914682539682536
1 0.46279761904761907 0.43638392857142855 0.012235449735449735 0.012648809523809524
1 0.50380291005291 0.4445684523809524 0.008267195767195767 0.01711309523809524
1 0.5190145502645502 0.45324900793650796 0.017526455026455025 0.03249007936507937
1 0.53125 0.4425843253968254 0.005621693121693121 0.011656746031746032
1 0.5381944444444444 0.45349702380952384 0.021494708994708994 0.0339781746031746
1 0.552744708994709 0.4428323412698413 0.00496031746031746 0.012648809523809524
1 0.5593584656084656 0.45275297619047616 0.023478835978835978 0.031994047619047616
1 0.5896164021164021 0.45163690476190477 0.036375661375661374 0.03819444444444445
1 0.5692791005291006 0.43973214285714285 0.00958994708994709 0.01488095238095238
1 0.6241732804232805 0.4487847222222222 0.036044973544973546 0.04141865079365079
1 0.6549272486772487 0.44717261904761907 0.034722222222222224 0.043154761904761904
1 0.6891534391534392 0.4463045634920635 0.046296296296296294 0.04141865079365079
1 0.7144510582010583 0.45002480158730157 0.04861111111111111 0.04141865079365079
1 0.7447089947089947 0.44680059523809523 0.03968253968253968 0.043402777777777776
1 0.763723544973545 0.44717261904761907 0.045304232804232805 0.037698412698412696
1 0.7880291005291006 0.44928075396825395 0.061507936507936505 0.03993055555555555
1 0.8098544973544973 0.46242559523809523 0.01984126984126984 0.019593253968253968
1 0.7900132275132276 0.4635416666666667 0.018518518518518517 0.018353174603174604
1 0.8705357142857143 0.4507688492063492 0.06845238095238096 0.044890873015873016
1 0.8369708994708994 0.44717261904761907 0.04828042328042328 0.04662698412698413
1 0.9088955026455027 0.4435763888888889 0.03273809523809524 0.03794642857142857
1 0.9264219576719577 0.45027281746031744 0.07043650793650794 0.046875
1 0.9490740740740741 0.45907738095238093 0.017195767195767195 0.042162698412698416
1 0.972718253968254 0.4568452380952381 0.05324074074074074 0.0441468253968254
1 0.9923941798941799 0.36904761904761907 0.01455026455026455 0.059027777777777776
1 0.9616402116402116 0.3685515873015873 0.0496031746031746 0.0625
1 0.939484126984127 0.37971230158730157 0.037037037037037035 0.04265873015873016
1 0.9446097883597884 0.3617311507936508 0.026785714285714284 0.01711309523809524
1 0.9034391534391535 0.3783482142857143 0.03439153439153439 0.047867063492063495
1 0.9141865079365079 0.3447420634920635 0.028108465608465607 0.01984126984126984
1 0.8779761904761905 0.3699156746031746 0.047619047619047616 0.06721230158730158
1 0.833994708994709 0.3851686507936508 0.05555555555555555 0.039186507936507936
1 0.830026455026455 0.3567708333333333 0.04034391534391534 0.03943452380952381
1 0.8070436507936508 0.35627480158730157 0.02943121693121693 0.02703373015873016
1 0.781084656084656 0.3787202380952381 0.0496031746031746 0.018849206349206348
1 0.7779431216931217 0.39620535714285715 0.05654761904761905 0.016617063492063492
1 0.7855489417989417 0.3685515873015873 0.014219576719576719 0.011904761904761904
1 0.771494708994709 0.36904761904761907 0.012566137566137565 0.013392857142857142
1 0.7506613756613757 0.38430059523809523 0.028439153439153438 0.043402777777777776
1 0.748181216931217 0.365203373015873 0.023478835978835978 0.006200396825396825
1 0.7154431216931217 0.3841765873015873 0.04133597883597884 0.044642857142857144
1 0.6803902116402116 0.3900049603174603 0.030753968253968252 0.0339781746031746
1 0.6359126984126984 0.39050099206349204 0.04034391534391534 0.0339781746031746
1 0.6588955026455027 0.39112103174603174 0.015542328042328041 0.034722222222222224
1 0.6043320105820106 0.39384920634920634 0.023478835978835978 0.026785714285714284
1 0.5767195767195767 0.39372519841269843 0.0291005291005291 0.027529761904761904
1 0.5717592592592593 0.3991815476190476 0.015873015873015872 0.016121031746031748
1 0.5431547619047619 0.3998015873015873 0.01488095238095238 0.017857142857142856
1 0.5565476190476191 0.39967757936507936 0.012566137566137565 0.017609126984126984
1 0.5276124338624338 0.4001736111111111 0.016203703703703703 0.018105158730158732
1 0.5112433862433863 0.4009176587301587 0.017195767195767195 0.01711309523809524
1 0.4933862433862434 0.40141369047619047 0.017195767195767195 0.014632936507936508
1 0.4710648148148148 0.4009176587301587 0.018849206349206348 0.014136904761904762
1 0.47585978835978837 0.37524801587301587 0.025793650793650792 0.03670634920634921
1 0.5104166666666666 0.375 0.04861111111111111 0.03422619047619048
1 0.4409722222222222 0.39347718253968256 0.028108465608465607 0.03050595238095238
1 0.41220238095238093 0.39285714285714285 0.03207671957671958 0.02976190476190476
1 0.4333664021164021 0.37016369047619047 0.04861111111111111 0.024553571428571428
1 0.3966600529100529 0.38293650793650796 0.021494708994708994 0.050595238095238096
1 0.36491402116402116 0.38058035714285715 0.04265873015873016 0.053323412698412696
1 0.3376322751322751 0.380828373015873 0.01455026455026455 0.05133928571428571
1 0.31216931216931215 0.3914930555555556 0.031084656084656083 0.031001984126984128
1 0.2880291005291005 0.3919890873015873 0.0205026455026455 0.03050595238095238
1 0.2347883597883598 0.37896825396825395 0.021164021164021163 0.018849206349206348
1 0.21213624338624337 0.3774801587301587 0.022156084656084655 0.019345238095238096
1 0.19411375661375663 0.38256448412698413 0.00992063492063492 0.025049603174603176
1 0.18072089947089948 0.38876488095238093 0.016203703703703703 0.03695436507936508
1 0.16650132275132276 0.38913690476190477 0.012896825396825396 0.03720238095238095
1 0.14996693121693122 0.39050099206349204 0.018187830687830687 0.03794642857142857
1 0.1357473544973545 0.3923611111111111 0.008928571428571428 0.036210317460317464
1 0.12549603174603174 0.3932291666666667 0.01025132275132275 0.03695436507936508
1 0.13988095238095238 0.3444940476190476 0.018518518518518517 0.01240079365079365
1 0.1800595238095238 0.3115079365079365 0.004298941798941799 0.009424603174603174
1 0.17625661375661375 0.3253968253968254 0.017857142857142856 0.039186507936507936
1 0.15873015873015872 0.32936507936507936 0.013227513227513227 0.03968253968253968
1 0.20965608465608465 0.32080853174603174 0.0205026455026455 0.03993055555555555
1 0.19345238095238096 0.3226686507936508 0.010582010582010581 0.03819444444444445
1 0.23743386243386244 0.3210565476190476 0.02447089947089947 0.03993055555555555
1 0.26521164021164023 0.32688492063492064 0.031084656084656083 0.031746031746031744
1 0.296957671957672 0.3273809523809524 0.031084656084656083 0.03125
1 0.32688492063492064 0.32762896825396826 0.03141534391534392 0.030753968253968252
1 0.3602843915343915 0.3175843253968254 0.036044973544973546 0.05084325396825397
1 0.4001322751322751 0.3118799603174603 0.046296296296296294 0.037450396825396824
1 0.4234457671957672 0.3369295634920635 0.018187830687830687 0.013640873015873016
1 0.4039351851851852 0.3365575396825397 0.018187830687830687 0.01488095238095238
1 0.4386574074074074 0.3189484126984127 0.03009259259259259 0.04811507936507937
1 0.4666005291005291 0.3307291666666667 0.027777777777777776 0.029017857142857144
1 0.49255952380952384 0.33110119047619047 0.0248015873015873 0.029265873015873016
1 0.5183531746031746 0.33122519841269843 0.028108465608465607 0.029017857142857144
1 0.5403439153439153 0.31994047619047616 0.04563492063492063 0.04662698412698413
1 0.5795304232804233 0.322296626984127 0.03670634920634921 0.05084325396825397
1 0.6008597883597884 0.3227926587301587 0.01521164021164021 0.04935515873015873
1 0.6122685185185185 0.3334573412698413 0.006944444444444444 0.028025793650793652
1 0.6284722222222222 0.3324652777777778 0.026785714285714284 0.026537698412698412
1 0.6431878306878307 0.33296130952380953 0.007275132275132275 0.02703373015873016
1 0.6641865079365079 0.32328869047619047 0.03935185185185185 0.050347222222222224
1 0.7121362433862434 0.31994047619047616 0.04265873015873016 0.04662698412698413
1 0.7417328042328042 0.3148561507936508 0.027116402116402115 0.048859126984126984
1 0.7706679894179894 0.31212797619047616 0.05853174603174603 0.05282738095238095
1 0.8017526455026455 0.3087797619047619 0.05191798941798942 0.05555555555555555
1 0.8503637566137566 0.30431547619047616 0.05125661375661376 0.054563492063492064
1 0.8961640211640212 0.2976190476190476 0.051587301587301584 0.05406746031746032
1 0.9163359788359788 0.29402281746031744 0.05291005291005291 0.06125992063492063
1 0.9508928571428571 0.29117063492063494 0.05257936507936508 0.06299603174603174
1 0.9778439153439153 0.2865823412698413 0.04365079365079365 0.06721230158730158
1 0.13839285714285715 0.2748015873015873 0.01488095238095238 0.039186507936507936
1 0.1474867724867725 0.27294146825396826 0.010582010582010581 0.03695436507936508
1 0.16104497354497355 0.263640873015873 0.021825396825396824 0.051587301587301584
1 0.18055555555555555 0.2620287698412698 0.0205026455026455 0.03050595238095238
1 0.199239417989418 0.25744047619047616 0.016865079365079364 0.032242063492063495
1 0.2078373015873016 0.25458829365079366 0.008267195767195767 0.034970238095238096
1 0.22321428571428573 0.2553323412698413 0.016534391534391533 0.037450396825396824
1 0.257771164021164 0.2490079365079365 0.05257936507936508 0.051587301587301584
1 0.3083664021164021 0.2513640873015873 0.05191798941798942 0.05084325396825397
1 0.3551587301587302 0.2527281746031746 0.04563492063492063 0.054563492063492064
1 0.4019510582010582 0.2564484126984127 0.03670634920634921 0.05803571428571429
1 0.4505621693121693 0.26066468253968256 0.054563492063492064 0.05406746031746032
1 0.4895833333333333 0.259796626984127 0.044642857142857144 0.05084325396825397
1 0.5208333333333334 0.2612847222222222 0.028439153439153438 0.045882936507936505
1 0.53125 0.27120535714285715 0.014219576719576719 0.027529761904761904
1 0.5502645502645502 0.27046130952380953 0.027116402116402115 0.028521825396825396
1 0.5767195767195767 0.2707093253968254 0.025793650793650792 0.028025793650793652
1 0.589781746031746 0.25210813492063494 0.013558201058201057 0.010168650793650794
1 0.605489417989418 0.26612103174603174 0.027116402116402115 0.03968253968253968
1 0.6461640211640212 0.2673611111111111 0.015873015873015872 0.03869047619047619
1 0.6554232804232805 0.26785714285714285 0.017857142857142856 0.036210317460317464
1 0.6655092592592593 0.24665178571428573 0.006944444444444444 0.00818452380952381
1 0.671957671957672 0.2631448412698413 0.017195767195767195 0.04265873015873016
1 0.689318783068783 0.26066468253968256 0.01951058201058201 0.04117063492063492
1 0.7251984126984127 0.2562003968253968 0.022486772486772486 0.042162698412698416
1 0.7081679894179894 0.25830853174603174 0.02017195767195767 0.04439484126984127
1 0.75 0.2508680555555556 0.01984126984126984 0.04538690476190476
1 0.7873677248677249 0.24305555555555555 0.022486772486772486 0.04563492063492063
1 0.767526455026455 0.2478918650793651 0.010582010582010581 0.027529761904761904
1 0.8048941798941799 0.2408234126984127 0.021164021164021163 0.0441468253968254
1 0.8263888888888888 0.23809523809523808 0.023809523809523808 0.043154761904761904
1 0.8447420634920635 0.2300347222222222 0.017526455026455025 0.050347222222222224
1 0.8675595238095238 0.22916666666666666 0.026124338624338623 0.0496031746031746
1 0.8893849206349206 0.2248263888888889 0.022156084656084655 0.047867063492063495
1 0.9110449735449735 0.22023809523809523 0.03042328042328042 0.051587301587301584
1 0.9408068783068783 0.21626984126984128 0.032407407407407406 0.051587301587301584
1 0.9765211640211641 0.21577380952380953 0.03571428571428571 0.047619047619047616
1 0.9933862433862434 0.22098214285714285 0.013227513227513227 0.032242063492063495
0 0.14781746031746032 0.5680803571428571 0.007936507936507936 0.018105158730158732
0 0.1949404761904762 0.5762648809523809 0.018849206349206348 0.01066468253968254
0 0.19857804232804233 0.5870535714285714 0.01951058201058201 0.003968253968253968
0 0.23578042328042328 0.5973462301587301 0.016534391534391533 0.005704365079365079
0 0.7587632275132276 0.5910218253968254 0.01025132275132275 0.008432539682539682
0 0.7404100529100529 0.5884176587301587 0.011904761904761904 0.009176587301587302
0 0.7166005291005291 0.5881696428571429 0.011904761904761904 0.009176587301587302
0 0.7809193121693122 0.5946180555555556 0.017526455026455025 0.010168650793650794
0 0.8029100529100529 0.5973462301587301 0.016534391534391533 0.012648809523809524
0 0.8258928571428571 0.6031746031746031 0.018187830687830687 0.00744047619047619
0 0.84755291005291 0.605530753968254 0.011904761904761904 0.006696428571428571
0 0.8702050264550265 0.6090029761904762 0.015542328042328041 0.011656746031746032
0 0.9034391534391535 0.6128472222222222 0.017195767195767195 0.00992063492063492
0 0.9241071428571429 0.6140873015873016 0.014219576719576719 0.011408730158730158
0 0.9505621693121693 0.6212797619047619 0.016203703703703703 0.01240079365079365
0 0.9001322751322751 0.5102926587301587 0.01521164021164021 0.012152777777777778
0 0.8625992063492064 0.5070684523809523 0.03009259259259259 0.017609126984126984
0 0.9002976190476191 0.4975198412698413 0.016203703703703703 0.009424603174603174
0 0.8017526455026455 0.5223214285714286 0.021494708994708994 0.013392857142857142
0 0.7743055555555556 0.519469246031746 0.015542328042328041 0.012152777777777778
0 0.7595899470899471 0.5009920634920635 0.021825396825396824 0.011408730158730158
0 0.5902777777777778 0.5248015873015873 0.007936507936507936 0.003968253968253968
0 0.5514219576719577 0.5252976190476191 0.008267195767195767 0.004464285714285714
0 0.5120701058201058 0.5266617063492064 0.007605820105820105 0.005208333333333333
