1 0.42177854938271603 0.08116319444444445 0.05381944444444445 0.16001157407407407
1 0.3803047839506173 0.09606481481481481 0.033371913580246916 0.16087962962962962
1 0.3231095679012346 0.1417824074074074 0.05709876543209876 0.16145833333333334
1 0.27999614197530864 0.16594328703703703 0.026041666666666668 0.15943287037037038
1 0.25106095679012347 0.17824074074074073 0.028356481481481483 0.14814814814814814
1 0.2254050925925926 0.19835069444444445 0.01832561728395062 0.1472800925925926
1 0.19261188271604937 0.23017939814814814 0.041859567901234566 0.12702546296296297
1 0.16020447530864199 0.24204282407407407 0.017939814814814815 0.12297453703703703
1 0.1398533950617284 0.25752314814814814 0.020061728395061727 0.12384259259259259
1 0.3570601851851852 0.13541666666666666 0.007716049382716049 0.09606481481481481
1 0.11410108024691358 0.2816840277777778 0.024498456790123458 0.1171875
1 0.09162808641975309 0.2918113425925926 0.01890432098765432 0.11371527777777778
1 0.06954089506172839 0.30888310185185186 0.019097222222222224 0.11024305555555555
1 0.04349922839506173 0.3386863425925926 0.026813271604938273 0.09577546296296297
1 0.019386574074074073 0.3699363425925926 0.013310185185185185 0.06626157407407407
1 0.8053626543209876 0.34563078703703703 0.07253086419753087 0.3023726851851852
1 0.7322530864197531 0.36646412037037035 0.07175925925925926 0.2925347222222222
1 0.6624228395061729 0.38425925925925924 0.062114197530864196 0.2708333333333333
1 0.5966435185185185 0.40870949074074076 0.062114197530864196 0.25376157407407407
1 0.5349151234567902 0.42650462962962965 0.053626543209876545 0.2378472222222222
1 0.478491512345679 0.44169560185185186 0.06114969135802469 0.2248263888888889
1 0.4241898148148148 0.45167824074074076 0.040123456790123455 0.21354166666666666
1 0.36670524691358025 0.47468171296296297 0.06095679012345679 0.19068287037037038
1 0.3166473765432099 0.48191550925925924 0.03530092592592592 0.18489583333333334
1 0.28269675925925924 0.4910300925925926 0.026813271604938273 0.17766203703703703
1 0.25925925925925924 0.49971064814814814 0.018132716049382717 0.16608796296296297
1 0.23292824074074073 0.5041956018518519 0.030671296296296297 0.16174768518518517
1 0.19386574074074073 0.5175057870370371 0.043209876543209874 0.15133101851851852
1 0.16869212962962962 0.5228587962962963 0.022183641975308643 0.1423611111111111
1 0.1519097222222222 0.5263310185185185 0.019483024691358024 0.1423611111111111
1 0.1326195987654321 0.5302372685185185 0.026041666666666668 0.1362847222222222
1 0.11188271604938271 0.53515625 0.02507716049382716 0.13512731481481483
1 0.09133873456790123 0.5366030092592593 0.016010802469135804 0.13049768518518517
1 0.8987268518518519 0.31886574074074076 0.1076388888888889 0.3130787037037037
1 0.9552469135802469 0.8829571759259259 0.08912037037037036 0.2254050925925926
1 0.8644868827160493 0.8855613425925926 0.08391203703703703 0.22887731481481483
1 0.7784529320987654 0.8833912037037037 0.07966820987654322 0.2326388888888889
1 0.7127700617283951 0.8802083333333334 0.046296296296296294 0.2349537037037037
1 0.6521026234567902 0.8790509259259259 0.07272376543209877 0.2349537037037037
1 0.5808256172839507 0.8770254629629629 0.06365740740740741 0.24537037037037038
1 0.5281635802469136 0.8778935185185185 0.03433641975308642 0.24363425925925927
1 0.48042052469135804 0.8742766203703703 0.05844907407407408 0.2439236111111111
1 0.4273726851851852 0.8664641203703703 0.04147376543209876 0.23177083333333334
1 0.38657407407407407 0.8589409722222222 0.03510802469135803 0.22135416666666666
1 0.3500192901234568 0.8561921296296297 0.03452932098765432 0.2175925925925926
1 0.3134645061728395 0.8512731481481481 0.034722222222222224 0.21122685185185186
1 0.2638888888888889 0.8346354166666666 0.05439814814814815 0.1935763888888889
1 0.22347608024691357 0.8302951388888888 0.024112654320987654 0.1791087962962963
1 0.20158179012345678 0.8250868055555556 0.015817901234567902 0.17042824074074073
1 0.18383487654320987 0.8182870370370371 0.02546296296296296 0.1579861111111111
1 0.16107253086419754 0.8174189814814815 0.03125 0.15625
1 0.1417824074074074 0.8136574074074074 0.01890432098765432 0.1388888888888889
1 0.1275077160493827 0.8101851851851852 0.017746913580246913 0.1244212962962963
1 0.109375 0.8062789351851852 0.019675925925925927 0.11834490740740741
1 0.08844521604938271 0.8049768518518519 0.01986882716049383 0.12152777777777778
1 0.09018132716049383 0.7329282407407407 0.027199074074074073 0.017361111111111112
1 0.06510416666666667 0.7829861111111112 0.022955246913580248 0.1371527777777778
1 0.043306327160493825 0.7740162037037037 0.019097222222222224 0.1232638888888889
1 0.021315586419753087 0.7718460648148148 0.019097222222222224 0.11487268518518519
1 0.008873456790123456 0.7696759259259259 0.01427469135802469 0.11747685185185185
1 0.06684027777777778 0.5568576388888888 0.030671296296296297 0.10561342592592593
1 0.030671296296296297 0.5622106481481481 0.031635802469135804 0.11631944444444445
1 0.0073302469135802465 0.5678530092592593 0.01427469135802469 0.11140046296296297
