0 0.011299435028248588 0.22004229323308272 0.022598870056497175 0.021851503759398497
0 0.07962570621468927 0.22145206766917294 0.037076271186440676 0.0274906015037594
0 0.160840395480226 0.19055451127819548 0.03848870056497175 0.02913533834586466
0 0.23040254237288135 0.19090695488721804 0.042725988700564974 0.029840225563909775
1 0.034781073446327686 0.12053571428571429 0.06956214689265537 0.16917293233082706
1 0.09233757062146893 0.11771616541353383 0.09074858757062147 0.1762218045112782
1 0.18043785310734464 0.08740601503759399 0.11581920903954802 0.16964285714285715
1 0.3109110169491525 0.09539473684210527 0.06956214689265537 0.16588345864661655
1 0.3847104519774011 0.09821428571428571 0.07309322033898305 0.1611842105263158
1 0.466454802259887 0.09856672932330827 0.08333333333333333 0.1637687969924812
1 0.5626765536723164 0.04593515037593985 0.10557909604519775 0.08858082706766918
1 0.5612641242937854 0.13674812030075187 0.10134180790960452 0.08834586466165413
1 0.6641949152542372 0.046052631578947366 0.09463276836158192 0.08740601503759399
1 0.7459392655367232 0.046287593984962405 0.06179378531073446 0.08928571428571429
1 0.6597810734463276 0.13698308270676693 0.0893361581920904 0.09069548872180451
1 0.7424081920903954 0.13674812030075187 0.0702683615819209 0.08599624060150377
1 0.2364053672316384 0.09410244360902256 0.06885593220338983 0.16094924812030076
0 0.2930790960451977 0.19396146616541354 0.03884180790960452 0.02655075187969925
0 0.4088983050847458 0.1950187969924812 0.0557909604519774 0.02631578947368421
0 0.551906779661017 0.19689849624060152 0.0423728813559322 0.028665413533834585
0 0.6347104519774012 0.1981907894736842 0.048375706214689264 0.028900375939849624
0 0.7212217514124294 0.19842575187969924 0.048375706214689264 0.028900375939849624
1 0.888771186440678 0.14309210526315788 0.12217514124293785 0.22697368421052633
1 0.01942090395480226 0.3311795112781955 0.03742937853107345 0.07777255639097744
1 0.06514830508474577 0.33223684210526316 0.05120056497175141 0.08458646616541353
1 0.11087570621468927 0.2995770676691729 0.03672316384180791 0.11325187969924812
1 0.1807909604519774 0.2843045112781955 0.09533898305084745 0.1231203007518797
1 0.2854872881355932 0.28031015037593987 0.1126412429378531 0.143796992481203
1 0.3960098870056497 0.28125 0.0971045197740113 0.14285714285714285
1 0.497704802259887 0.28524436090225563 0.10416666666666667 0.14520676691729323
1 0.6084039548022598 0.29135338345864664 0.10875706214689265 0.15413533834586465
1 0.7198093220338984 0.29664003759398494 0.10204802259887005 0.15953947368421054
1 0.8626412429378532 0.3668937969924812 0.1765536723163842 0.11677631578947369
0 0.1504237288135593 0.35972744360902253 0.05367231638418079 0.021146616541353382
0 0.23711158192090395 0.36395676691729323 0.05261299435028249 0.020676691729323307
0 0.3338629943502825 0.36665883458646614 0.0568502824858757 0.025610902255639098
0 0.4362641242937853 0.37147556390977443 0.05826271186440678 0.021146616541353382
0 0.5379590395480226 0.38146146616541354 0.05755649717514124 0.022321428571428572
0 0.6583686440677966 0.39109492481203006 0.05614406779661017 0.025140977443609023
0 0.014477401129943503 0.5110432330827067 0.023305084745762712 0.011278195488721804
0 0.055614406779661014 0.5145676691729323 0.05120056497175141 0.017857142857142856
0 0.10787429378531073 0.5199718045112782 0.04766949152542373 0.01644736842105263
1 0.011122881355932203 0.4548872180451128 0.022245762711864406 0.09351503759398497
1 0.049964689265536724 0.45171522556390975 0.04413841807909605 0.10361842105263158
1 0.09127824858757062 0.45171522556390975 0.03213276836158192 0.1050281954887218
1 0.1258827683615819 0.45347744360902253 0.033545197740113 0.10949248120300752
1 0.1774364406779661 0.46769266917293234 0.06673728813559322 0.175046992481203
1 0.2507062146892655 0.4739191729323308 0.0748587570621469 0.17669172932330826
1 0.3606991525423729 0.4801456766917293 0.13665254237288135 0.18209586466165414
1 0.4588629943502825 0.4864896616541353 0.1182909604519774 0.18585526315789475
1 0.5625 0.5203242481203008 0.1673728813559322 0.15296052631578946
1 0.5948093220338984 0.421875 0.091454802259887 0.04393796992481203
1 0.6765536723163842 0.5048167293233082 0.08545197740112995 0.18961466165413535
1 0.7778954802259888 0.509750939849624 0.11299435028248588 0.20559210526315788
0 0.1518361581920904 0.5647321428571429 0.0346045197740113 0.013862781954887217
0 0.294138418079096 0.5764802631578947 0.05649717514124294 0.025140977443609023
0 0.3463983050847458 0.5953947368421053 0.0 0.0
0 0.548728813559322 0.6012687969924813 0.05790960451977401 0.020676691729323307
0 0.713276836158192 0.6185385338345865 0.06285310734463277 0.02044172932330827
1 0.014653954802259887 0.6053806390977443 0.029307909604519775 0.05521616541353384
1 0.04678672316384181 0.6099624060150376 0.03001412429378531 0.05733082706766917
1 0.08439265536723164 0.6171287593984962 0.041666666666666664 0.050516917293233085
1 0.08227401129943503 0.5637922932330827 0.03884180790960452 0.05286654135338346
0 0.1504237288135593 0.5628524436090225 0.0557909604519774 0.023731203007518797
0 0.0167725988700565 0.646734022556391 0.033545197740113 0.025610902255639098
0 0.05278954802259887 0.6539003759398496 0.03919491525423729 0.01268796992481203
0 0.012888418079096044 0.6483787593984962 0.020833333333333332 0.010103383458646616
1 0.12994350282485875 0.6212406015037594 0.04096045197740113 0.052161654135338346
1 0.015007062146892656 0.7127584586466166 0.03001412429378531 0.10361842105263158
1 0.05508474576271186 0.7174577067669173 0.04590395480225989 0.10455827067669173
1 0.11334745762711865 0.724859022556391 0.07344632768361582 0.11842105263157894
0 0.0323093220338983 0.7838345864661654 0.053319209039548024 0.03148496240601504
0 0.12217514124293785 0.8129699248120301 0.0 0.0
0 0.1384180790960452 0.7777255639097744 0.0 0.0
0 0.4399717514124294 0.8012218045112782 0.0 0.0
0 0.2796610169491525 0.7830122180451128 0.07062146892655367 0.027020676691729324
0 0.708156779661017 0.6710526315789473 0.07168079096045198 0.013157894736842105
0 0.902542372881356 0.5558035714285714 0.08333333333333333 0.027960526315789474
1 0.8903601694915254 0.5671992481203008 0.0893361581920904 0.047932330827067667
1 0.8167372881355932 0.12793703007518797 0.1228813559322034 0.20888157894736842
1 0.966454802259887 0.1412124060150376 0.06638418079096045 0.24577067669172933
1 0.8949505649717514 0.6040883458646616 0.07944915254237288 0.03759398496240601
1 0.894774011299435 0.6398026315789473 0.0847457627118644 0.0568609022556391
1 0.962747175141243 0.5377114661654135 0.06885593220338983 0.05098684210526316
1 0.965572033898305 0.5800046992481203 0.0681497175141243 0.0406484962406015
1 0.964159604519774 0.619125939849624 0.07097457627118645 0.03900375939849624
1 0.967337570621469 0.6556625939849624 0.0646186440677966 0.03829887218045113
0 0.3758827683615819 0.5850563909774437 0.058968926553672314 0.023966165413533833
0 0.04413841807909605 0.7798402255639098 0.0 0.0
0 0.07750706214689265 0.7890037593984962 0.053319209039548024 0.025845864661654134
0 0.15819209039548024 0.7662124060150376 0.05861581920903955 0.024906015037593984
0 0.2530014124293785 0.7851268796992481 0.10346045197740113 0.020911654135338346
0 0.3854166666666667 0.7999295112781954 0.05614406779661017 0.0293703007518797
0 0.4941737288135593 0.8177866541353384 0.05402542372881356 0.03406954887218045
0 0.6844985875706214 0.8479793233082706 0.05402542372881356 0.03665413533834586
1 0.147069209039548 0.5623825187969925 0.09004237288135593 0.06273496240601503
1 0.20233050847457626 0.6764567669172933 0.10663841807909605 0.17575187969924813
1 0.3105579096045198 0.6897321428571429 0.11758474576271187 0.19055451127819548
1 0.4375 0.7008928571428571 0.1497175141242938 0.19266917293233082
1 0.539018361581921 0.7125234962406015 0.15007062146892655 0.20089285714285715
1 0.6850282485875706 0.7272086466165414 0.2612994350282486 0.22791353383458646
1 0.9376765536723164 0.7387218045112782 0.0681497175141243 0.023026315789473683
1 0.9470338983050848 0.7651550751879699 0.007062146892655367 0.029840225563909775
1 0.9544491525423728 0.8580827067669173 0.0 0.0
1 0.885593220338983 0.8444548872180451 0.0 0.0
1 0.9738700564971752 0.8933270676691729 0.0 0.0
1 0.826271186440678 0.6952537593984962 0.0 0.0
1 0.9219632768361582 0.7879464285714286 0.09180790960451977 0.06038533834586466
1 0.03336864406779661 0.9141212406015038 0.06673728813559322 0.15625
1 0.09074858757062147 0.909421992481203 0.05084745762711865 0.175046992481203
1 0.13682909604519775 0.9178806390977443 0.042725988700564974 0.1637687969924812
1 0.20586158192090395 0.8984962406015038 0.1094632768361582 0.1987781954887218
1 0.3343926553672316 0.8988486842105263 0.1504237288135593 0.20230263157894737
1 0.464159604519774 0.9076597744360902 0.11122881355932203 0.18421052631578946
1 0.6131709039548022 0.9285714285714286 0.18679378531073446 0.14238721804511278
1 0.7367584745762712 0.9445488721804511 0.1853813559322034 0.11043233082706767
0 0.039901129943502825 0.6507283834586466 0.05367231638418079 0.021851503759398497
0 0.07574152542372882 0.6542528195488722 0.058968926553672314 0.026080827067669173
1 0.9265536723163842 0.3401080827067669 0.1461864406779661 0.181156015037594
