1 0.027777777777777776 0.305510752688172 0.025448028673835124 0.029301075268817204
1 0.06137992831541219 0.2754032258064516 0.032795698924731186 0.0271505376344086
1 0.06908602150537635 0.3043010752688172 0.02132616487455197 0.02795698924731183
1 0.0913978494623656 0.30282258064516127 0.022222222222222223 0.029838709677419355
1 0.11648745519713262 0.30268817204301074 0.024731182795698924 0.02849462365591398
1 0.1396057347670251 0.3043010752688172 0.01971326164874552 0.031720430107526884
1 0.16066308243727598 0.30416666666666664 0.01989247311827957 0.030376344086021505
1 0.18539426523297492 0.3038978494623656 0.027060931899641576 0.029838709677419355
1 0.02267025089605735 0.33588709677419354 0.01953405017921147 0.029301075268817204
1 0.04543010752688172 0.33521505376344085 0.02025089605734767 0.02903225806451613
1 0.06810035842293907 0.3353494623655914 0.01935483870967742 0.030376344086021505
1 0.09032258064516129 0.33615591397849465 0.02186379928315412 0.03198924731182796
1 0.11433691756272402 0.3353494623655914 0.02186379928315412 0.030376344086021505
1 0.13754480286738352 0.3356182795698925 0.02060931899641577 0.029838709677419355
1 0.15940860215053765 0.33588709677419354 0.01989247311827957 0.030376344086021505
1 0.18154121863799283 0.33615591397849465 0.02186379928315412 0.029838709677419355
1 0.2303763440860215 0.3002688172043011 0.022401433691756272 0.03225806451612903
1 0.19659498207885304 0.31827956989247314 0.0 0.0
1 0.20483870967741935 0.33615591397849465 0.021505376344086023 0.03198924731182796
1 0.22939068100358423 0.3346774193548387 0.02186379928315412 0.031720430107526884
1 0.019265232974910396 0.36666666666666664 0.022759856630824374 0.03225806451612903
1 0.04408602150537634 0.36733870967741933 0.02078853046594982 0.029838709677419355
1 0.06729390681003584 0.36774193548387096 0.022759856630824374 0.03064516129032258
1 0.09086021505376345 0.36841397849462365 0.022222222222222223 0.029838709677419355
1 0.11433691756272402 0.3678763440860215 0.02186379928315412 0.030913978494623656
1 0.13691756272401434 0.36733870967741933 0.02114695340501792 0.03306451612903226
1 0.15913978494623657 0.3686827956989247 0.02258064516129032 0.029301075268817204
1 0.182168458781362 0.3686827956989247 0.02060931899641577 0.031451612903225803
1 0.20421146953405017 0.36908602150537634 0.021684587813620072 0.02903225806451613
1 0.22921146953405017 0.3689516129032258 0.02114695340501792 0.032526881720430105
1 0.2543010752688172 0.3271505376344086 0.025806451612903226 0.032795698924731186
1 0.2522401433691756 0.3650537634408602 0.023476702508960574 0.035483870967741936
1 0.2777777777777778 0.36155913978494625 0.024014336917562724 0.04247311827956989
1 0.3031362007168459 0.3139784946236559 0.021684587813620072 0.047311827956989246
1 0.30340501792114694 0.3610215053763441 0.02007168458781362 0.0467741935483871
1 0.3293010752688172 0.3626344086021505 0.022401433691756272 0.047311827956989246
1 0.3546594982078853 0.3327956989247312 0.02114695340501792 0.038172043010752686
1 0.3539426523297491 0.36612903225806454 0.021505376344086023 0.03333333333333333
1 0.014336917562724014 0.5594086021505377 0.0 0.0
1 0.028225806451612902 0.5747311827956989 0.02992831541218638 0.03064516129032258
1 0.060663082437275986 0.532258064516129 0.034587813620071683 0.11559139784946236
1 0.09525089605734767 0.5331989247311828 0.03136200716845878 0.11801075268817204
1 0.12974910394265232 0.5342741935483871 0.032974910394265235 0.11424731182795698
1 0.16442652329749105 0.5330645161290323 0.03387096774193549 0.11505376344086021
1 0.19802867383512546 0.5336021505376344 0.028315412186379927 0.11290322580645161
1 0.21917562724014336 0.4728494623655914 0.0 0.0
1 0.2300179211469534 0.5342741935483871 0.03387096774193549 0.11370967741935484
1 0.26594982078853047 0.5349462365591398 0.03261648745519713 0.11021505376344086
1 0.3010752688172043 0.530241935483871 0.02939068100358423 0.11478494623655915
1 0.3326164874551971 0.5314516129032258 0.03118279569892473 0.11559139784946236
1 0.36621863799283155 0.5295698924731183 0.033154121863799284 0.11774193548387096
1 0.42804659498207887 0.3682795698924731 0.024910394265232973 0.02903225806451613
1 0.4515232974910394 0.3685483870967742 0.02060931899641577 0.030107526881720432
1 0.4747311827956989 0.3333333333333333 0.02114695340501792 0.030107526881720432
1 0.49731182795698925 0.3341397849462366 0.022939068100358423 0.030107526881720432
1 0.47446236559139787 0.36666666666666664 0.02060931899641577 0.03333333333333333
1 0.4863799283154122 0.34838709677419355 0.0 0.0
1 0.4975806451612903 0.3672043010752688 0.022401433691756272 0.03602150537634408
1 0.40403225806451615 0.498252688172043 0.04247311827956989 0.0260752688172043
1 0.40340501792114697 0.5258064516129032 0.04121863799283154 0.024731182795698924
1 0.40474910394265234 0.5509408602150537 0.04139784946236559 0.025537634408602152
1 0.40403225806451615 0.5783602150537634 0.03996415770609319 0.025537634408602152
1 0.4275985663082437 0.5381720430107527 0.0 0.0
1 0.42939068100358424 0.5389784946236559 0.0 0.0
1 0.4466845878136201 0.5778225806451613 0.0453405017921147 0.029838709677419355
1 0.49498207885304657 0.5459677419354839 0.04050179211469534 0.030107526881720432
1 0.49587813620071686 0.5751344086021506 0.04229390681003584 0.029838709677419355
1 0.5294802867383512 0.5447580645161291 0.022401433691756272 0.032526881720430105
1 0.5302867383512545 0.5716397849462366 0.01935483870967742 0.02446236559139785
1 0.5509856630824372 0.5426075268817204 0.01810035842293907 0.0260752688172043
1 0.5508960573476702 0.5716397849462366 0.015770609318996417 0.03198924731182796
1 0.5726702508960574 0.5442204301075269 0.01953405017921147 0.028225806451612902
1 0.5724014336917562 0.5745967741935484 0.01899641577060932 0.030376344086021505
1 0.5221326164874552 0.3303763440860215 0.024193548387096774 0.02956989247311828
1 0.5456093189964157 0.32809139784946234 0.022759856630824374 0.03413978494623656
1 0.5730286738351255 0.3333333333333333 0.022759856630824374 0.032795698924731186
1 0.5985663082437276 0.3321236559139785 0.02186379928315412 0.03306451612903226
1 0.521774193548387 0.3655913978494624 0.024910394265232973 0.03387096774193549
1 0.5468637992831541 0.3674731182795699 0.01881720430107527 0.03763440860215054
1 0.5730286738351255 0.36733870967741933 0.022759856630824374 0.03306451612903226
1 0.5974014336917562 0.3678763440860215 0.027419354838709678 0.03413978494623656
1 0.6228494623655914 0.3321236559139785 0.023476702508960574 0.030376344086021505
1 0.6220430107526882 0.36908602150537634 0.025089605734767026 0.03655913978494624
1 0.6452508960573476 0.3334677419354839 0.022401433691756272 0.032526881720430105
1 0.6482974910394266 0.36599462365591395 0.022759856630824374 0.03467741935483871
1 0.6725806451612903 0.3321236559139785 0.01971326164874552 0.03521505376344086
1 0.6636200716845878 0.3486559139784946 0.0 0.0
1 0.671415770609319 0.3668010752688172 0.023476702508960574 0.03413978494623656
1 0.6976702508960574 0.3286290322580645 0.02258064516129032 0.03521505376344086
1 0.6948924731182796 0.37083333333333335 0.02204301075268817 0.03521505376344086
1 0.7196236559139785 0.32916666666666666 0.01953405017921147 0.029301075268817204
1 0.717652329749104 0.36626344086021506 0.02204301075268817 0.03521505376344086
1 0.7462365591397849 0.33225806451612905 0.02258064516129032 0.030107526881720432
1 0.7431003584229391 0.3655913978494624 0.022759856630824374 0.03387096774193549
1 0.7719534050179212 0.3346774193548387 0.021684587813620072 0.032795698924731186
1 0.7702508960573476 0.3665322580645161 0.022939068100358423 0.02768817204301075
1 0.7932795698924732 0.3327956989247312 0.02025089605734767 0.03118279569892473
1 0.8164874551971326 0.3336021505376344 0.022939068100358423 0.031720430107526884
1 0.7933691756272402 0.3672043010752688 0.021505376344086023 0.03387096774193549
1 0.8147849462365592 0.3672043010752688 0.01953405017921147 0.02849462365591398
1 0.8439964157706094 0.33198924731182794 0.022401433691756272 0.03225806451612903
1 0.8438172043010753 0.3670698924731183 0.02204301075268817 0.033602150537634407
1 0.8557347670250897 0.3502688172043011 0.0 0.0
1 0.8655017921146954 0.3674731182795699 0.019175627240143368 0.034408602150537634
1 0.8662186379928315 0.33145161290322583 0.01989247311827957 0.03602150537634408
1 0.8992831541218638 0.33064516129032256 0.022939068100358423 0.035483870967741936
1 0.8956989247311828 0.3663978494623656 0.022222222222222223 0.032795698924731186
1 0.9203405017921147 0.34153225806451615 0.016666666666666666 0.028225806451612902
1 0.917741935483871 0.3706989247311828 0.016129032258064516 0.02795698924731183
1 0.939336917562724 0.3400537634408602 0.017383512544802866 0.02795698924731183
1 0.9370967741935484 0.3709677419354839 0.016845878136200716 0.025268817204301075
1 0.957258064516129 0.34086021505376346 0.015949820788530467 0.026344086021505377
1 0.9560931899641577 0.3696236559139785 0.02043010752688172 0.026881720430107527
1 0.9682795698924731 0.3303763440860215 0.0 0.0
1 0.002150537634408602 0.7293010752688172 0.0 0.0
1 0.01935483870967742 0.7388440860215054 0.03655913978494624 0.031451612903225803
1 0.01935483870967742 0.7698924731182796 0.036917562724014336 0.025268817204301075
1 0.01810035842293907 0.8018817204301075 0.035483870967741936 0.025268817204301075
1 0.0724910394265233 0.6966397849462366 0.044623655913978495 0.022311827956989248
1 0.07132616487455197 0.7212365591397849 0.041935483870967745 0.021505376344086023
1 0.07078853046594982 0.7459677419354839 0.04516129032258064 0.02204301075268817
1 0.06379928315412187 0.769758064516129 0.03763440860215054 0.02338709677419355
1 0.06379928315412187 0.8 0.04265232974910394 0.025268817204301075
1 0.08584229390681003 0.7658602150537634 0.0 0.0
1 0.10654121863799283 0.7791666666666667 0.04139784946236559 0.020698924731182795
1 0.10654121863799283 0.8008064516129032 0.03888888888888889 0.025268817204301075
1 0.14955197132616488 0.7455645161290323 0.042114695340501794 0.0271505376344086
1 0.14955197132616488 0.7752688172043011 0.042114695340501794 0.024193548387096774
1 0.14982078853046596 0.801478494623656 0.04265232974910394 0.028225806451612902
1 0.18387096774193548 0.7657258064516129 0.02258064516129032 0.028763440860215053
1 0.18422939068100358 0.7975806451612903 0.02078853046594982 0.026344086021505377
1 0.20815412186379928 0.7333333333333333 0.02060931899641577 0.030107526881720432
1 0.20842293906810036 0.7658602150537634 0.02007168458781362 0.026881720430107527
1 0.20905017921146954 0.7970430107526881 0.02132616487455197 0.02903225806451613
1 0.2310931899641577 0.7645161290322581 0.022759856630824374 0.03225806451612903
1 0.23306451612903226 0.7979838709677419 0.02132616487455197 0.030913978494623656
1 0.2538530465949821 0.7713709677419355 0.02132616487455197 0.022311827956989248
1 0.25448028673835127 0.7987903225806452 0.02007168458781362 0.025
1 0.26899641577060934 0.7543010752688172 0.0 0.0
1 0.28888888888888886 0.771236559139785 0.04551971326164875 0.024193548387096774
1 0.28817204301075267 0.7987903225806452 0.043369175627240145 0.025
1 0.33440860215053764 0.7420698924731183 0.04408602150537634 0.029838709677419355
1 0.3346774193548387 0.7702956989247312 0.044623655913978495 0.028225806451612902
1 0.3343189964157706 0.7966397849462366 0.0453405017921147 0.02661290322580645
1 0.37912186379928314 0.7404569892473118 0.0442652329749104 0.02661290322580645
1 0.3797491039426523 0.769758064516129 0.04265232974910394 0.02338709677419355
1 0.3796594982078853 0.7979838709677419 0.04139784946236559 0.0271505376344086
1 0.42374551971326163 0.7702956989247312 0.04283154121863799 0.02446236559139785
1 0.42383512544802865 0.7973118279569893 0.04516129032258064 0.026881720430107527
1 0.46908602150537637 0.7669354838709678 0.04283154121863799 0.02903225806451613
1 0.4703405017921147 0.796505376344086 0.04139784946236559 0.024193548387096774
1 0.5033154121863799 0.7581989247311828 0.02204301075268817 0.029301075268817204
1 0.503405017921147 0.7919354838709678 0.024731182795698924 0.03225806451612903
1 0.5260752688172043 0.7115591397849462 0.02204301075268817 0.03494623655913978
1 0.5263440860215054 0.7533602150537635 0.01756272401433692 0.042741935483870966
1 0.5257168458781362 0.7903225806451613 0.016308243727598565 0.02903225806451613
1 0.5471326164874551 0.7823924731182795 0.02258064516129032 0.042741935483870966
1 0.5789426523297491 0.7404569892473118 0.032795698924731186 0.13629032258064516
1 0.6115591397849462 0.7407258064516129 0.03243727598566308 0.13790322580645162
1 0.6445340501792115 0.7391129032258065 0.03100358422939068 0.13682795698924732
1 0.6801971326164875 0.7422043010752688 0.03494623655913978 0.12903225806451613
1 0.6045698924731183 0.5310483870967742 0.037096774193548385 0.11370967741935484
1 0.6410394265232975 0.5295698924731183 0.034050179211469536 0.12204301075268817
1 0.6751792114695341 0.5309139784946236 0.02849462365591398 0.11935483870967742
1 0.7234767025089606 0.571505376344086 0.01899641577060932 0.032795698924731186
1 0.7433691756272401 0.571236559139785 0.01899641577060932 0.03494623655913978
1 0.7652329749103942 0.5466397849462366 0.02078853046594982 0.031451612903225803
1 0.764247311827957 0.5743279569892473 0.017025089605734768 0.0271505376344086
1 0.7850358422939068 0.5440860215053763 0.02060931899641577 0.026344086021505377
1 0.7844086021505376 0.5737903225806451 0.02043010752688172 0.030913978494623656
1 0.8031362007168459 0.5452956989247312 0.017025089605734768 0.0228494623655914
1 0.8046594982078853 0.5736559139784946 0.016129032258064516 0.025806451612903226
1 0.9763440860215054 0.3411290322580645 0.01971326164874552 0.035483870967741936
1 0.9771505376344086 0.3702956989247312 0.01989247311827957 0.025537634408602152
1 0.9224910394265233 0.5418010752688172 0.0553763440860215 0.08629032258064516
1 0.9748207885304659 0.5416666666666666 0.0492831541218638 0.08655913978494624
1 0.8328853046594982 0.5189516129032258 0.04139784946236559 0.025
1 0.8327060931899641 0.5474462365591398 0.03781362007168459 0.025
1 0.8324372759856631 0.5727150537634409 0.03763440860215054 0.025
1 0.8738351254480287 0.49838709677419357 0.03512544802867384 0.02849462365591398
1 0.8724014336917563 0.5243279569892473 0.03655913978494624 0.025537634408602152
1 0.2039426523297491 0.36841397849462365 0.021505376344086023 0.030913978494623656
1 0.8724014336917563 0.5487903225806452 0.03978494623655914 0.018548387096774192
1 0.2525089605734767 0.3663978494623656 0.02186379928315412 0.034408602150537634
1 0.8742831541218637 0.5723118279569892 0.04175627240143369 0.02849462365591398
1 0.22831541218637993 0.3678763440860215 0.022939068100358423 0.031451612903225803
1 0.7519713261648745 0.7544354838709677 0.03046594982078853 0.09704301075268817
1 0.2668458781362007 0.33682795698924733 0.0 0.0
1 0.8325268817204301 0.766263440860215 0.13637992831541218 0.0728494623655914
1 0.25349462365591396 0.32876344086021503 0.023118279569892472 0.03333333333333333
1 0.9225806451612903 0.7904569892473118 0.04372759856630824 0.021236559139784946
1 0.27724014336917563 0.3602150537634409 0.022939068100358423 0.0467741935483871
1 0.9663082437275986 0.7916666666666666 0.04372759856630824 0.020967741935483872
1 0.30448028673835126 0.36129032258064514 0.02007168458781362 0.043548387096774194
1 0.5645161290322581 0.923252688172043 0.08387096774193549 0.15295698924731183
1 0.32840501792114696 0.36155913978494625 0.023118279569892472 0.04516129032258064
1 0.6517921146953405 0.9173387096774194 0.09032258064516129 0.15833333333333333
1 0.35609318996415773 0.33145161290322583 0.02007168458781362 0.035483870967741936
1 0.7400537634408603 0.9196236559139785 0.07795698924731183 0.15053763440860216
1 0.35546594982078855 0.36666666666666664 0.021684587813620072 0.03225806451612903
1 0.8308243727598567 0.9182795698924732 0.08458781362007169 0.1478494623655914
1 0.31370967741935485 0.3138440860215054 0.04032258064516129 0.04543010752688172
1 0.9168458781362007 0.916263440860215 0.07347670250896057 0.15618279569892474
1 0.42840501792114694 0.3674731182795699 0.022401433691756272 0.02903225806451613
1 0.48870967741935484 0.964247311827957 0.05268817204301075 0.06451612903225806
1 0.45125448028673837 0.368010752688172 0.02186379928315412 0.03118279569892473
1 0.42625448028673835 0.9620967741935483 0.0528673835125448 0.06881720430107527
1 0.47482078853046594 0.33373655913978495 0.020967741935483872 0.028763440860215053
1 0.3540322580645161 0.9631720430107527 0.06111111111111111 0.06236559139784946
1 0.4986559139784946 0.3338709677419355 0.020967741935483872 0.03118279569892473
1 0.2985663082437276 0.9673387096774193 0.04982078853046595 0.05403225806451613
1 0.47517921146953407 0.36733870967741933 0.02060931899641577 0.029301075268817204
1 0.22876344086021505 0.9810483870967742 0.06612903225806452 0.032526881720430105
1 0.4969534050179211 0.3674731182795699 0.021505376344086023 0.03225806451612903
1 0.15905017921146952 0.9544354838709678 0.03530465949820789 0.09059139784946237
1 0.521774193548387 0.33158602150537636 0.02204301075268817 0.03306451612903226
1 0.11084229390681004 0.9545698924731183 0.05 0.08279569892473118
1 0.5460573476702509 0.3301075268817204 0.022222222222222223 0.03387096774193549
1 0.02589605734767025 0.9552419354838709 0.03996415770609319 0.08897849462365591
1 0.521774193548387 0.36626344086021506 0.022759856630824374 0.03198924731182796
1 0.06586021505376344 0.9526881720430107 0.03064516129032258 0.09408602150537634
1 0.5455197132616487 0.36733870967741933 0.021505376344086023 0.03575268817204301
0 0.015412186379928316 0.39838709677419354 0.024731182795698924 0.024193548387096774
1 0.5717741935483871 0.36733870967741933 0.021684587813620072 0.03413978494623656
0 0.038799283154121865 0.39986559139784944 0.022401433691756272 0.0260752688172043
1 0.571236559139785 0.3317204301075269 0.023118279569892472 0.032795698924731186
0 0.06559139784946237 0.4004032258064516 0.026523297491039426 0.0228494623655914
1 0.5981182795698925 0.33131720430107525 0.023476702508960574 0.032526881720430105
0 0.09274193548387097 0.39986559139784944 0.023835125448028675 0.030913978494623656
1 0.5979390681003585 0.3670698924731183 0.023835125448028675 0.029838709677419355
0 0.14740143369175626 0.40013440860215055 0.031720430107526884 0.025537634408602152
1 0.621594982078853 0.33158602150537636 0.023476702508960574 0.030376344086021505
0 0.17231182795698924 0.39865591397849465 0.01810035842293907 0.02849462365591398
1 0.6231182795698925 0.3681451612903226 0.024372759856630826 0.03413978494623656
0 0.19802867383512546 0.40053763440860213 0.02724014336917563 0.02204301075268817
1 0.646774193548387 0.33198924731182794 0.02258064516129032 0.03225806451612903
0 0.21630824372759858 0.38870967741935486 0.0 0.0
1 0.6725806451612903 0.33145161290322583 0.022939068100358423 0.03602150537634408
0 0.22446236559139784 0.3981182795698925 0.027419354838709678 0.024193548387096774
1 0.6956989247311828 0.32836021505376345 0.02078853046594982 0.03306451612903226
0 0.25197132616487455 0.3997311827956989 0.03118279569892473 0.02956989247311828
1 0.7206093189964158 0.32876344086021503 0.021505376344086023 0.03387096774193549
0 0.28270609318996415 0.4002688172043011 0.024551971326164875 0.02849462365591398
1 0.646505376344086 0.3682795698924731 0.02204301075268817 0.03494623655913978
0 0.31048387096774194 0.4014784946236559 0.027777777777777776 0.028763440860215053
1 0.6707885304659498 0.36760752688172044 0.02007168458781362 0.03790322580645161
0 0.3481182795698925 0.40013440860215055 0.024551971326164875 0.025537634408602152
1 0.6954301075268817 0.3674731182795699 0.022401433691756272 0.034408602150537634
0 0.3875448028673835 0.3978494623655914 0.025627240143369177 0.026881720430107527
1 0.717741935483871 0.3686827956989247 0.02078853046594982 0.03198924731182796
0 0.4801075268817204 0.3997311827956989 0.02974910394265233 0.02956989247311828
1 0.7443548387096774 0.3327956989247312 0.025268817204301075 0.034408602150537634
0 0.5244623655913978 0.3981182795698925 0.022759856630824374 0.024193548387096774
1 0.7698924731182796 0.33145161290322583 0.02114695340501792 0.031720430107526884
0 0.5501792114695341 0.4002688172043011 0.025448028673835124 0.02258064516129032
1 0.7804659498207885 0.3163978494623656 0.0 0.0
0 0.5760752688172043 0.4 0.022401433691756272 0.023655913978494623
1 0.7934587813620072 0.3338709677419355 0.022401433691756272 0.032795698924731186
0 0.6005376344086022 0.39986559139784944 0.024014336917562724 0.022311827956989248
1 0.817921146953405 0.3331989247311828 0.025448028673835124 0.032526881720430105
0 0.6254480286738351 0.398252688172043 0.024372759856630826 0.02338709677419355
1 0.8440860215053764 0.33145161290322583 0.022222222222222223 0.035483870967741936
0 0.65 0.39865591397849465 0.02258064516129032 0.023118279569892472
1 0.8649641577060931 0.3299731182795699 0.01953405017921147 0.03413978494623656
0 0.6965949820788531 0.3966397849462366 0.02939068100358423 0.021236559139784946
1 0.89668458781362 0.33051075268817204 0.025627240143369177 0.03198924731182796
0 0.725 0.39946236559139786 0.025627240143369177 0.01827956989247312
1 0.7434587813620072 0.3681451612903226 0.022401433691756272 0.029301075268817204
0 0.7508064516129033 0.39865591397849465 0.027060931899641576 0.023118279569892472
1 0.7684587813620072 0.3663978494623656 0.02186379928315412 0.032795698924731186
0 0.7763440860215054 0.39771505376344085 0.02043010752688172 0.02338709677419355
1 0.1836021505376344 0.7645161290322581 0.02204301075268817 0.026344086021505377
1 0.01881720430107527 0.773252688172043 0.03333333333333333 0.037365591397849465
1 0.01881720430107527 0.773252688172043 0.03333333333333333 0.037365591397849465
1 0.01989247311827957 0.7442204301075269 0.035483870967741936 0.029838709677419355
1 0.9672043010752688 0.35618279569892475 0.0 0.0
1 0.04910394265232975 0.4736559139784946 0.0 0.0
1 0.8441756272401434 0.3685483870967742 0.023476702508960574 0.031720430107526884
1 0.8185483870967742 0.37016129032258066 0.026702508960573478 0.03333333333333333
1 0.7924731182795699 0.3685483870967742 0.02186379928315412 0.031720430107526884
1 0.8949820788530466 0.3658602150537634 0.02186379928315412 0.035483870967741936
1 0.8672939068100358 0.36626344086021506 0.01953405017921147 0.036290322580645164
1 0.8135304659498208 0.36370967741935484 0.022401433691756272 0.032795698924731186
1 0.8163978494623656 0.33145161290322583 0.022401433691756272 0.035483870967741936
1 0.8443548387096774 0.33198924731182794 0.02060931899641577 0.034408602150537634
0 0.7971326164874551 0.3975806451612903 0.017204301075268817 0.02258064516129032
0 0.8185483870967742 0.39852150537634407 0.021684587813620072 0.021236559139784946
0 0.8403225806451613 0.39919354838709675 0.02078853046594982 0.02258064516129032
0 0.8637096774193549 0.39946236559139786 0.022759856630824374 0.02258064516129032
0 0.8870071684587814 0.3987903225806452 0.023118279569892472 0.021774193548387097
0 0.91084229390681 0.3990591397849462 0.022401433691756272 0.020698924731182795
0 0.9344086021505377 0.39919354838709675 0.024014336917562724 0.021505376344086023
0 0.9583333333333334 0.39852150537634407 0.023835125448028675 0.021774193548387097
0 0.9832437275985663 0.4004032258064516 0.024193548387096774 0.02446236559139785
0 0.058154121863799285 0.6075268817204301 0.03100358422939068 0.027419354838709678
0 0.15707885304659497 0.6060483870967742 0.024193548387096774 0.020161290322580645
0 0.2746415770609319 0.6060483870967742 0.024193548387096774 0.02338709677419355
0 0.33234767025089607 0.605241935483871 0.026344086021505377 0.02338709677419355
0 0.4068100358422939 0.6044354838709678 0.023297491039426525 0.021774193548387097
0 0.4723118279569892 0.6060483870967742 0.024910394265232973 0.021774193548387097
0 0.5564516129032258 0.6038978494623656 0.024731182795698924 0.0228494623655914
0 0.5810035842293907 0.6041666666666666 0.02258064516129032 0.0228494623655914
0 0.6104838709677419 0.6044354838709678 0.023118279569892472 0.022311827956989248
0 0.6415770609318996 0.6047043010752688 0.023655913978494623 0.0239247311827957
0 0.6731182795698925 0.603494623655914 0.023297491039426525 0.02258064516129032
0 0.7016129032258065 0.6028225806451613 0.024372759856630826 0.021236559139784946
0 0.7258960573476703 0.6025537634408602 0.022759856630824374 0.022311827956989248
0 0.7491039426523297 0.6036290322580645 0.02186379928315412 0.0239247311827957
0 0.7729390681003584 0.6038978494623656 0.023655913978494623 0.021236559139784946
0 0.7974910394265233 0.6041666666666666 0.02186379928315412 0.021774193548387097
0 0.8332437275985664 0.6026881720430107 0.024910394265232973 0.02204301075268817
0 0.8758960573476703 0.6022849462365591 0.026344086021505377 0.022311827956989248
0 0.9252688172043011 0.601747311827957 0.025448028673835124 0.021774193548387097
0 0.9888888888888889 0.6013440860215054 0.02186379928315412 0.02258064516129032
0 0.011738351254480287 0.8303763440860215 0.02204301075268817 0.026344086021505377
0 0.05672043010752688 0.8318548387096775 0.027060931899641576 0.0239247311827957
0 0.09901433691756273 0.8307795698924731 0.026344086021505377 0.0260752688172043
0 0.1485663082437276 0.8302419354838709 0.025089605734767026 0.0271505376344086
0 0.1746415770609319 0.8295698924731183 0.023835125448028675 0.024731182795698924
0 0.20044802867383513 0.8293010752688172 0.024551971326164875 0.025268817204301075
0 0.22741935483870968 0.8298387096774194 0.025448028673835124 0.024193548387096774
0 0.28118279569892474 0.8271505376344086 0.025806451612903226 0.026881720430107527
0 0.3216845878136201 0.828763440860215 0.024731182795698924 0.023655913978494623
0 0.37517921146953404 0.8274193548387097 0.025268817204301075 0.023655913978494623
0 0.443010752688172 0.8258064516129032 0.025448028673835124 0.025268817204301075
0 0.5404121863799283 0.8243279569892473 0.025627240143369177 0.0228494623655914
0 0.6168458781362007 0.823252688172043 0.024372759856630826 0.025537634408602152
0 0.6842293906810036 0.8231182795698925 0.025806451612903226 0.023118279569892472
0 0.7171146953405018 0.8240591397849463 0.025985663082437275 0.022311827956989248
0 0.7512544802867384 0.8237903225806451 0.025806451612903226 0.0239247311827957
0 0.6102150537634409 0.6038978494623656 0.022939068100358423 0.022311827956989248
0 0.8324372759856631 0.8227150537634409 0.026164874551971327 0.02338709677419355
0 0.5560035842293907 0.6048387096774194 0.023118279569892472 0.023118279569892472
0 0.9206989247311828 0.8221774193548387 0.026702508960573478 0.0239247311827957
0 0.5801971326164874 0.6044354838709678 0.023476702508960574 0.022311827956989248
0 0.9663082437275986 0.8205645161290323 0.026164874551971327 0.02446236559139785
1 0.44767025089605733 0.537768817204301 0.04659498207885305 0.042741935483870966
