0 0.0390625 0.38839285714285715 0.078125 0.05324074074074074
0 0.11941964285714286 0.390542328042328 0.08209325396825397 0.05291005291005291
0 0.3655753968253968 0.44742063492063494 0.10267857142857142 0.167989417989418
0 0.48115079365079366 0.4497354497354497 0.10466269841269842 0.16865079365079366
0 0.6236359126984127 0.45006613756613756 0.1039186507936508 0.1693121693121693
0 0.8464781746031746 0.453042328042328 0.10813492063492064 0.16997354497354497
0 0.9623015873015873 0.39715608465608465 0.07490079365079365 0.057539682539682536
0 0.03794642857142857 0.8745039682539683 0.07589285714285714 0.05324074074074074
0 0.23759920634920634 0.875165343915344 0.08234126984126984 0.054563492063492064
0 0.412078373015873 0.8756613756613757 0.07961309523809523 0.056216931216931214
0 0.5963541666666666 0.876818783068783 0.07911706349206349 0.05588624338624339
0 0.7518601190476191 0.8791335978835979 0.08010912698412699 0.05588624338624339
0 0.9067460317460317 0.8824404761904762 0.08085317460317461 0.05588624338624339
0 0.4800347222222222 0.0539021164021164 0.10689484126984126 0.1078042328042328
0 0.6004464285714286 0.05555555555555555 0.10615079365079365 0.10714285714285714
0 0.8820684523809523 0.05555555555555555 0.10739087301587301 0.10912698412698413
0 0.9627976190476191 0.05539021164021164 0.07390873015873016 0.10945767195767196
1 0.015997023809523808 0.21891534391534392 0.031994047619047616 0.27116402116402116
1 0.09164186507936507 0.19196428571428573 0.12375992063492064 0.3290343915343915
1 0.16257440476190477 0.2058531746031746 0.020089285714285716 0.30324074074074076
1 0.22333829365079366 0.2123015873015873 0.10540674603174603 0.2896825396825397
1 0.2803819444444444 0.2425595238095238 0.0974702380952381 0.2318121693121693
1 0.3767361111111111 0.2518187830687831 0.08779761904761904 0.2152777777777778
1 0.46875 0.21362433862433863 0.09077380952380952 0.24933862433862433
1 0.5668402777777778 0.19808201058201058 0.10639880952380952 0.28174603174603174
1 0.669890873015873 0.19957010582010581 0.10863095238095238 0.28075396825396826
1 0.7655009920634921 0.23148148148148148 0.09846230158730158 0.2612433862433862
1 0.8767361111111112 0.22486772486772486 0.12996031746031747 0.2751322751322751
1 0.9686259920634921 0.23627645502645503 0.06225198412698413 0.25297619047619047
1 0.038318452380952384 0.6774140211640212 0.07663690476190477 0.314484126984127
1 0.1032986111111111 0.6782407407407407 0.08705357142857142 0.31415343915343913
1 0.20064484126984128 0.6612103174603174 0.11359126984126984 0.34953703703703703
1 0.30419146825396826 0.660218253968254 0.11532738095238096 0.3488756613756614
1 0.39012896825396826 0.7027116402116402 0.0818452380952381 0.26322751322751325
1 0.4670138888888889 0.7046957671957672 0.07886904761904762 0.2638888888888889
1 0.7669890873015873 0.7900132275132276 0.17981150793650794 0.10251322751322751
1 0.9325396825396826 0.7331349206349206 0.13442460317460317 0.21031746031746032
1 0.9148065476190477 0.5965608465608465 0.16989087301587302 0.08002645502645503
0 0.05915178571428571 0.39186507936507936 0.031994047619047616 0.028439153439153438
1 0.7963789682539683 0.5443121693121693 0.0 0.0
0 0.1416170634920635 0.38955026455026454 0.03422619047619048 0.027116402116402115
1 0.871155753968254 0.5790343915343915 0.15004960317460317 0.06944444444444445
0 0.36929563492063494 0.4525462962962963 0.07093253968253968 0.03736772486772487
1 0.04513888888888889 0.9525462962962963 0.09027777777777778 0.09424603174603174
0 0.48487103174603174 0.45337301587301587 0.07192460317460317 0.03902116402116402
1 0.1293402777777778 0.9528769841269841 0.11334325396825397 0.09358465608465609
0 0.626984126984127 0.455026455026455 0.07043650793650794 0.037698412698412696
1 0.22730654761904762 0.9525462962962963 0.1039186507936508 0.09424603174603174
0 0.8497023809523809 0.4580026455026455 0.07192460317460317 0.037698412698412696
1 0.32502480158730157 0.9528769841269841 0.1029265873015873 0.09358465608465609
0 0.9872271825396826 0.3974867724867725 0.025049603174603176 0.028439153439153438
1 0.4146825396825397 0.970568783068783 0.0882936507936508 0.0582010582010582
0 0.9733382936507936 0.027447089947089946 0.05282738095238095 0.041005291005291
1 0.5 0.970568783068783 0.08531746031746032 0.0582010582010582
0 0.8861607142857143 0.026455026455026454 0.07341269841269842 0.04034391534391534
1 0.5865575396825397 0.9722222222222222 0.08531746031746032 0.05489417989417989
0 0.6046626984126984 0.028108465608465607 0.07093253968253968 0.04034391534391534
1 0.8763640873015873 0.9553571428571429 0.12624007936507936 0.08862433862433862
0 0.4837549603174603 0.0248015873015873 0.07068452380952381 0.037698412698412696
1 0.7584325396825397 0.9545304232804233 0.1056547619047619 0.09027777777777778
0 0.9356398809523809 0.8935185185185185 0.021577380952380952 0.026455026455026454
1 0.6750992063492064 0.9662698412698413 0.09672619047619048 0.0667989417989418
0 0.7819940476190477 0.890542328042328 0.01984126984126984 0.025793650793650792
1 0.5863095238095238 0.9368386243386243 0.08234126984126984 0.04034391534391534
0 0.6196676587301587 0.8865740740740741 0.03149801587301587 0.027116402116402115
1 0.5047123015873016 0.9327050264550265 0.07837301587301587 0.03141534391534392
0 0.4358878968253968 0.8862433862433863 0.031994047619047616 0.025793650793650792
1 0.6653025793650794 0.9203042328042328 0.08854166666666667 0.02447089947089947
0 0.26240079365079366 0.8697089947089947 0.032242063492063495 0.027777777777777776
1 0.42943948412698413 0.9250992063492064 0.0726686507936508 0.03869047619047619
0 0.0642361111111111 0.8690476190476191 0.022321428571428572 0.027116402116402115
