0 0.020426515930113052 0.20093457943925233 0.040853031860226104 0.027345102111457253
0 0.17959917780061666 0.2035306334371755 0.04316546762589928 0.028383523710626513
0 0.2845580678314491 0.20595361716857044 0.0434224049331963 0.03046036690896504
0 0.3937564234326824 0.2087227414330218 0.04239465570400822 0.027691242644513673
0 0.4761048304213772 0.23901003807545865 0.05549845837615622 0.09172724125995153
0 0.5399537512846866 0.24091381100726894 0.05472764645426516 0.0927656628591208
0 0.5901849948612539 0.21218414676358602 0.0421377183967112 0.027691242644513673
0 0.6880781089414183 0.24177916233991 0.05601233299075026 0.08895811699550017
0 0.7417780061664954 0.24264451367255105 0.052415210688591986 0.09345794392523364
0 0.7957348406988695 0.2151263412945656 0.041109969167523124 0.029421945309795777
0 0.8473792394655704 0.2166839736933195 0.04316546762589928 0.03046036690896504
0 0.9639003083247688 0.21876081689165802 0.04239465570400822 0.028383523710626513
0 0.012975334018499486 0.43094496365524404 0.025950668036998973 0.029075804776739357
0 0.11138232271325796 0.43302180685358255 0.04290853031860226 0.029075804776739357
0 0.19642857142857142 0.4347525095188647 0.04393627954779034 0.029075804776739357
0 0.23985097636176772 0.43509865005192105 0.04290853031860226 0.029075804776739357
0 0.28365878725590954 0.4354447905849775 0.04367934224049332 0.02699896157840083
0 0.414825282631038 0.4669435790931118 0.0552415210688592 0.09068881966078228
0 0.4759763617677287 0.4683281412253375 0.05472764645426516 0.09207338179300796
0 0.5513874614594039 0.46919349255797854 0.05498458376156218 0.09034267912772585
0 0.6688078108941419 0.4714434060228453 0.05704008221993834 0.09138110072689512
0 0.7327852004110997 0.44254067151263415 0.04367934224049332 0.03080650744202146
0 0.8192446043165468 0.4444444444444444 0.04290853031860226 0.028383523710626513
0 0.8687050359712231 0.4451367255105573 0.04162384378211716 0.027691242644513673
0 0.9317831449126414 0.44565593631014194 0.04188078108941418 0.027345102111457253
0 0.974049331963001 0.447386638975424 0.04316546762589928 0.028037383177570093
0 0.019655704008221996 0.6919349255797854 0.03931140801644399 0.028383523710626513
0 0.12255909558067832 0.6936656282450675 0.04316546762589928 0.028383523710626513
0 0.23741007194244604 0.6955694011768778 0.04316546762589928 0.027345102111457253
0 0.34558067831449124 0.6964347525095189 0.044193216855087356 0.029075804776739357
0 0.4391058581706064 0.6969539633091035 0.04162384378211716 0.028729664243682937
0 0.5364850976361768 0.6978193146417445 0.041109969167523124 0.029075804776739357
0 0.6190904419321686 0.6992038767739702 0.04136690647482014 0.029075804776739357
0 0.7007965056526207 0.7007615091727242 0.04136690647482014 0.029421945309795777
0 0.8067831449126414 0.7014537902388369 0.040596094552929084 0.027345102111457253
0 0.8529033915724563 0.7016268605053652 0.040339157245632064 0.02699896157840083
0 0.9380781089414183 0.7019730010384216 0.040082219938335044 0.02630668051228799
0 0.018756423432682426 0.9110418830044998 0.03751284686536485 0.027691242644513673
0 0.07348406988694758 0.9125995154032537 0.04265159301130524 0.029421945309795777
0 0.12769784172661872 0.9125995154032537 0.04316546762589928 0.027345102111457253
0 0.177672147995889 0.9131187262028384 0.04290853031860226 0.02630668051228799
0 0.23599691675231244 0.9141571478020076 0.04188078108941418 0.02699896157840083
0 0.2783915724563207 0.9344063689858082 0.07219938335046248 0.07303565247490482
0 0.3363309352517986 0.9352717203184493 0.065775950668037 0.07268951194184839
0 0.39414182939362796 0.9157147802007615 0.040596094552929084 0.028037383177570093
0 0.43499486125385406 0.9150224991346486 0.040082219938335044 0.027345102111457253
0 0.48098663926002055 0.9158878504672897 0.040596094552929084 0.02699896157840083
0 0.5417523124357657 0.9169262720664589 0.040853031860226104 0.028383523710626513
0 0.7252055498458376 0.9177916233991 0.040853031860226104 0.030114226375908618
0 0.7992034943473793 0.9150224991346486 0.040853031860226104 0.030114226375908618
0 0.8633093525179856 0.9143302180685359 0.039568345323741004 0.02665282104534441
0 0.9236896197327852 0.9146763586015922 0.040596094552929084 0.02596053997923157
1 0.02068345323741007 0.09138110072689512 0.04136690647482014 0.18276220145379024
1 0.06795991778006166 0.09207338179300796 0.05832476875642343 0.18345448251990307
1 0.12307297019527236 0.09293873312564901 0.05447070914696814 0.18518518518518517
1 0.18512332990750258 0.09311180339217723 0.06911613566289826 0.18622360678435446
1 0.2886690647482014 0.1111111111111111 0.052672147995889006 0.1536863966770509
1 0.34519527235354575 0.11509172724125995 0.050616649537512846 0.14780200761509174
1 0.7589928057553957 0.14139840775354795 0.05858170606372045 0.1124956732433368
1 0.834917780061665 0.1360332294911734 0.05935251798561151 0.12668743509865005
1 0.9447584789311408 0.1358601592246452 0.06269270298047276 0.12841813776393216
1 0.0210688591983556 0.34025614399446175 0.0421377183967112 0.14468674281758395
1 0.06063720452209661 0.3411214953271028 0.0421377183967112 0.14434060228452752
1 0.10585817060637205 0.3245067497403946 0.05549845837615622 0.17964693665628245
1 0.16790853031860226 0.3260643821391485 0.07168550873586844 0.1806853582554517
1 0.21351490236382323 0.34389061959155415 0.047276464542651594 0.1457251644167532
1 0.2692702980472765 0.3296988577362409 0.06474820143884892 0.17618553132571824
1 0.3380010277492292 0.34077535479404636 0.05421377183967112 0.155417099342333
1 0.36960431654676257 0.3575631706472828 0.051644398766700926 0.12391831083419869
1 0.4198355601233299 0.36223606784354445 0.045220966084275435 0.11457251644167532
1 0.4704522096608428 0.3414676358601592 0.047790339157245634 0.13326410522672205
1 0.5215827338129496 0.3343717549325026 0.0565262076053443 0.14953271028037382
1 0.5752826310380267 0.3348909657320872 0.05806783144912641 0.14641744548286603
1 0.6261562178828366 0.3541017653167186 0.052415210688591986 0.13845621322256838
1 0.6848663926002055 0.34977500865351335 0.06963001027749229 0.1457251644167532
1 0.7487153134635149 0.34665974385600556 0.06372045220966084 0.1505711318795431
1 0.7984326824254881 0.33921772239529246 0.06089414182939363 0.17099342332987194
1 0.8502055498458376 0.36223606784354445 0.04881808838643371 0.12634129456559362
1 0.8942702980472764 0.3693319487712011 0.044964028776978415 0.1142263759086189
1 0.941032887975334 0.35358255451713394 0.05421377183967112 0.14780200761509174
1 0.9830421377183967 0.35392869505019037 0.03340184994861254 0.14780200761509174
1 0.999743062692703 0.19556940117687782 0.0 0.0
1 0.06372045220966084 0.6188992731048806 0.10483042137718397 0.09484250605745932
1 0.16032887975334018 0.6185531325718242 0.09249743062692703 0.09553478712357218
1 0.23381294964028776 0.589650398061613 0.05447070914696814 0.16926272066458983
1 0.2744090441932169 0.5905157493942541 0.046248715313463515 0.17099342332987194
1 0.32541109969167525 0.580650744202146 0.05883864337101747 0.1886465905157494
1 0.38103802672147996 0.580650744202146 0.06115107913669065 0.18795430944963656
1 0.42690133607399794 0.6047075112495673 0.04393627954779034 0.14122533748701974
1 0.46775436793422404 0.6043613707165109 0.04188078108941418 0.13984077535479406
1 0.6266700924974307 0.6510903426791277 0.09506680369989723 0.056074766355140186
1 0.7223792394655704 0.6218414676358601 0.08812949640287769 0.115957078573901
1 0.7131294964028777 0.5469020422291451 0.10817060637204522 0.04292142609899619
1 0.7905960945529291 0.6282450674974039 0.05344295991778006 0.10730356524749048
1 0.862667009249743 0.6491865697473174 0.09378211716341213 0.0695742471443406
1 0.9161099691675231 0.6303219106957425 0.08915724563206577 0.04915195569401177
1 0.9351233299075026 0.6682242990654206 0.052672147995889006 0.032191069574247146
1 0.9627440904419322 0.5887850467289719 0.07399794450154162 0.18691588785046728
1 0.0316032887975334 0.7990654205607477 0.0632065775950668 0.17964693665628245
1 0.08170606372045221 0.800969193492558 0.06731757451181912 0.1820699203876774
1 0.13514902363823228 0.7983731394946348 0.05755395683453238 0.1754932502596054
1 0.18114080164439877 0.8065074420214607 0.06474820143884892 0.1855313257182416
1 0.23471223021582735 0.8042575285565939 0.05986639260020555 0.18310834198684667
1 0.2875128468653648 0.8056420906888196 0.05960945529290853 0.1838006230529595
1 0.34005652620760535 0.8042575285565939 0.05729701952723536 0.17964693665628245
1 0.3910585817060637 0.8030460366908965 0.05549845837615622 0.1786085150571132
1 0.39966598150051386 0.11561093804084459 0.050616649537512846 0.13499480789200416
1 0.4523381294964029 0.1111111111111111 0.05575539568345324 0.15507095880927657
1 0.5069373072970196 0.11526479750778816 0.05549845837615622 0.1523018345448252
1 0.9388489208633094 0.5533056420906888 0.08324768756423433 0.11803392177223954
1 0.5734840698869476 0.11993769470404984 0.04984583761562179 0.1374177916233991
1 0.6265416238437821 0.11059190031152648 0.0578108941418294 0.155417099342333
1 0.6831963001027749 0.1111111111111111 0.0565262076053443 0.15437867774316372
1 0.7976618705035972 0.14797507788161993 0.018242548818088386 0.09726548978885427
1 0.8780832476875642 0.1472827968155071 0.03365878725590956 0.10211145725164417
1 0.9051901336073997 0.1471097265489789 0.023124357656731757 0.10314987885081343
1 0.9859969167523125 0.13655244029075805 0.02749229188078109 0.12841813776393216
1 0.9456577595066804 0.8386985115957079 0.09429599177800617 0.09899619245413638
1 0.8594552929085303 0.8089304257528557 0.08376156217882837 0.1758393907926618
1 0.796634121274409 0.8084112149532711 0.08196300102774923 0.1768778123918311
1 0.744475847893114 0.8238144686742818 0.05626927029804728 0.14330218068535824
1 0.4393627954779034 0.8139494634821738 0.048304213771839674 0.16510903426791276
1 0.4847122302158273 0.814987885081343 0.045991778006166495 0.16441675320179994
1 0.5304470709146968 0.8158532364139841 0.046505652620760535 0.16476289373485636
1 0.5774665981500514 0.8058151609553479 0.051644398766700926 0.1606092073381793
1 0.6220452209660843 0.7897196261682243 0.05447070914696814 0.14780200761509174
1 0.6831963001027749 0.805122879889235 0.0683453237410072 0.17791623399100034
1 0.0421377183967112 0.9662512980269989 0.05344295991778006 0.06680512287988924
1 0.09044193216855087 0.9652128764278297 0.052415210688591986 0.06888196607822776
1 0.1355344295991778 0.9655590169608861 0.048561151079136694 0.06818968501211492
1 0.17677286742034942 0.9659051574939426 0.03699897225077081 0.06749740394600208
1 0.2221223021582734 0.965385946694358 0.0552415210688592 0.06922810661128419
1 0.27595066803699897 0.965385946694358 0.05549845837615622 0.06853582554517133
1 0.3318345323741007 0.9659051574939426 0.05678314491264132 0.06749740394600208
1 0.3868191161356629 0.9662512980269989 0.052158273381294966 0.06680512287988924
1 0.43358170606372043 0.9726548978885428 0.044964028776978415 0.05399792315680166
1 0.4779033915724563 0.9702319141571478 0.044193216855087356 0.058843890619591555
1 0.5368705035971223 0.9688473520249221 0.047019527235354575 0.06161301488404292
1 0.5915981500513875 0.9667705088265836 0.05986639260020555 0.06576670128071997
1 0.6510791366906474 0.9665974385600554 0.06372045220966084 0.0661128418137764
1 0.6924460431654677 0.9747317410868813 0.020041109969167522 0.05053651782623745
1 0.7097893114080165 0.9669435790931118 0.02697841726618705 0.06542056074766354
1 0.7262332990750257 0.9757701626860505 0.031089414182939364 0.04776739356178609
1 0.7629753340184995 0.9742125302872966 0.07939362795477903 0.05088265835929388
1 0.8387718396711202 0.9820006922810661 0.07476875642343268 0.035306334371754934
1 0.8210431654676259 0.9652128764278297 0.06911613566289826 0.055728625822083766
1 0.9064748201438849 0.9854620976116303 0.07862281603288798 0.028383523710626513
1 0.9527235354573484 0.9761163032191069 0.05960945529290853 0.04707511249567324
1 0.927672147995889 0.9520595361716857 0.053186022610483046 0.03911388023537556
1 0.979830421377184 0.9660782277604707 0.039825282631038024 0.06715126341294565
1 0.23239979445015416 0.12166839736933195 0.025950668036998973 0.12980269989615784
1 0.25359712230215825 0.13343717549325027 0.01695786228160329 0.10626514364832122
