1 0.03732320586694605 0.25088687426093814 0.0746464117338921 0.057942451714623575
1 0.178234677841802 0.2075285770595191 0.11917234154007333 0.053212455656286954
1 0.15138816134101624 0.2548285376428853 0.13672079622839184 0.04532912889239259
1 0.03431115767417496 0.31040599132834057 0.06862231534834992 0.06346078044934962
1 0.14759036144578314 0.3149389042175798 0.1354112100576218 0.05675995270003942
1 0.029072812991094814 0.3703192747339377 0.05814562598218963 0.057942451714623575
1 0.14379256155055004 0.37366968860859284 0.13514929282346777 0.05597162002364998
1 0.029465688842325824 0.4276704769412692 0.05735987427972761 0.06148994875837603
1 0.030251440544787848 0.49073709105242413 0.05735987427972761 0.06227828143476547
1 0.1502095337873232 0.43318880567599527 0.13907805133577789 0.06148994875837603
1 0.14497118910424306 0.4956641702798581 0.13907805133577789 0.05005912495072921
1 0.3013357778941854 0.24911312573906189 0.13750654793085385 0.0520299566417028
1 0.29793085385018336 0.3052818289318092 0.142744892613934 0.06030744974379188
1 0.2967522262964903 0.3703192747339377 0.14195914091147196 0.06030744974379188
1 0.29557359874279726 0.43318880567599527 0.14117338920900996 0.059124950729207724
1 0.2930853850183342 0.4952700039416634 0.143530644316396 0.05084745762711865
1 0.43687794656888423 0.2562081198265668 0.12624410686223153 0.04572329523058731
1 0.4459140911471975 0.31336223886480097 0.142744892613934 0.06227828143476547
1 0.44512833944473545 0.3770201024832479 0.14117338920900996 0.05557745368545526
1 0.4432949188056574 0.4367363027197477 0.142221058145626 0.059124950729207724
1 0.44146149816657937 0.4946787544343713 0.14745940282870612 0.06148994875837603
1 0.570586694604505 0.26172644856129285 0.1322682032477737 0.04572329523058731
1 0.5868255631220535 0.3178951517540402 0.13436354112100576 0.05557745368545526
1 0.5906233630172866 0.3752463539613717 0.14195914091147196 0.05675995270003942
1 0.5928496595075956 0.43910130074891607 0.143268727082242 0.05675995270003942
1 0.5894447354635935 0.4974379188017343 0.14431639601885804 0.04887662593614505
1 0.7176532215819801 0.278281434765471 0.13776846516500785 0.04178163184864012
1 0.7312729177579885 0.3348443042964131 0.13672079622839184 0.05400078833267639
1 0.7281299109481404 0.39239258967284196 0.12729177579884757 0.05478912100906583
1 0.7327134625458355 0.44718171068190776 0.13279203771608172 0.0476941269215609
1 0.7359874279727606 0.5025620811982656 0.14195914091147196 0.06148994875837603
1 0.8415400733368256 0.2964130863224281 0.10214772132006286 0.03310997240835633
1 0.8631482451545311 0.34075679936933384 0.11812467260345731 0.048482459597950334
1 0.8605290728129911 0.3953488372093023 0.12650602409638553 0.043358297201419
1 0.8694342587742273 0.4509262908947576 0.13488737558931377 0.047299960583366184
1 0.8801728653745416 0.5037445802128498 0.14169722367731796 0.0520299566417028
1 0.9690937663698271 0.33602680331099727 0.061288632792037716 0.05873078439101301
1 0.9624148768988999 0.3949546708711076 0.07412257726558408 0.055183287347260544
1 0.96634363541121 0.4503350413874655 0.06626506024096386 0.057154119038234134
1 0.9745940282870613 0.5068979109184075 0.05028810895756941 0.055183287347260544
1 0.17915138816134102 0.5892786756011037 0.15191199580932424 0.055183287347260544
1 0.046359350445259295 0.6346078044934963 0.09114719748559455 0.047299960583366184
1 0.17391304347826086 0.6430823807646827 0.15295966474594028 0.05084745762711865
1 0.3373493975903614 0.6436736302719748 0.1498166579360922 0.059124950729207724
1 0.04177579884756417 0.7039810800157666 0.08355159769512834 0.07016160819865984
1 0.03981141959140912 0.7723689396925503 0.07962283918281823 0.057942451714623575
1 0.03981141959140912 0.8334647221127316 0.07962283918281823 0.057154119038234134
1 0.03968046097433211 0.8916042569964525 0.07936092194866422 0.0607016160819866
1 0.17103195390256679 0.7055577453685455 0.17024620220010478 0.06621994481671266
1 0.1686746987951807 0.7723689396925503 0.1686746987951807 0.05951911706740244
1 0.16671031953902568 0.8332676389436342 0.16684127815610267 0.05754828537642885
1 0.16592456783656365 0.8916042569964525 0.16631744368779466 0.05597162002364998
1 0.3438973284442116 0.7031927473393772 0.15557883708748035 0.04887662593614505
1 0.34415924567836564 0.7660622782814348 0.16553169198533263 0.0674024438312968
1 0.3438973284442116 0.8340559716200237 0.16710319539025667 0.0607016160819866
1 0.3385280251440545 0.8943634213638155 0.1636982713462546 0.05675995270003942
1 0.49973808276584597 0.6022861647615294 0.13514929282346777 0.06700827749310209
1 0.49764274489261395 0.6625936145053213 0.13672079622839184 0.043358297201419
1 0.499869041382923 0.717382735514387 0.13750654793085385 0.059913283405597165
1 0.5028810895756941 0.7731572723689397 0.1393399685699319 0.05163579030350808
1 0.49921424829753797 0.8289318092234923 0.13462545835515977 0.0520299566417028
1 0.5018334206390781 0.8935750886874261 0.13724463069669984 0.06937327552227039
1 0.6299109481403876 0.5969649191959007 0.11891042430591933 0.05084745762711865
1 0.6320062860136197 0.6454473787938511 0.12152959664745941 0.04454079621600315
1 0.6351492928234678 0.7043752463539614 0.12781561026715557 0.06306661411115491
1 0.6375065479308538 0.7674418604651163 0.12572027239392353 0.046511627906976744
1 0.6471974855945521 0.8279463933780055 0.143530644316396 0.061884115096570755
1 0.643268727082242 0.8888450926290895 0.13724463069669984 0.047299960583366184
1 0.7844421162912519 0.604256996452503 0.13253012048192772 0.050453291288923924
1 0.7663698271346254 0.6570752857705952 0.13357778941854373 0.05360662199448167
1 0.7672865374541645 0.7158060701616082 0.12807752750130957 0.04887662593614505
1 0.7659769512833945 0.7674418604651163 0.12807752750130957 0.04493496255419787
1 0.7788108957569408 0.8214426487977927 0.12022001047668937 0.04966495861253449
1 0.7751440544787846 0.8742609381158849 0.11498166579360922 0.051241623965313364
1 0.892613933996857 0.6395348837209303 0.10633839706652698 0.04611746156878203
1 0.9067574646411733 0.7051635790303508 0.1356731272917758 0.059913283405597165
1 0.9079360921948664 0.7640914465904611 0.13698271346254584 0.0476941269215609
1 0.9067574646411733 0.8214426487977927 0.12781561026715557 0.05281828931809224
1 0.9151388161341016 0.8856917619235317 0.15557883708748035 0.06779661016949153
1 0.9840230487166055 0.594402837997635 0.03143006809848088 0.04178163184864012
1 0.9798323729701415 0.6369728025226645 0.03247773703509691 0.04966495861253449
1 0.9899161864850707 0.7016160819865983 0.01964379256155055 0.06227828143476547
1 0.9891304347826086 0.762908947575877 0.021215295966474593 0.048482459597950334
1 0.9878208486118386 0.8196689002759164 0.023310633839706652 0.05557745368545526
1 0.9927972760607648 0.8695309420575483 0.013357778941854375 0.03310997240835633
0 0.7088789942378209 0.550453291288924 0.044264012572027236 0.028774142688214426
0 0.9933211105290728 0.553803705163579 0.013357778941854375 0.02837997635001971
0 0.4857255107386066 0.9477729601891999 0.04112100576217915 0.028774142688214426
0 0.5341801990570979 0.9477729601891999 0.04321634363541121 0.0303508080409933
0 0.7678103719224725 0.9487583760346866 0.044264012572027236 0.03310997240835633
0 0.9419853326348874 0.9499408750492708 0.044264012572027236 0.031533307055577456
0 0.16605552645364066 0.949546708711076 0.045049764274489264 0.029168309026409146
1 0.014929282346778419 0.6351990540007884 0.021477213200628602 0.04296413086322428
1 0.03968046097433211 0.6330311391407174 0.022786799371398637 0.03862830114308238
1 0.06364588789942378 0.6373669688608593 0.017286537454164485 0.04099329917225069
1 0.08538501833420639 0.6361844698462751 0.012572027239392353 0.03626330311391407
1 0.10581456259821896 0.6413086322428064 0.019381875327396544 0.039416633819471816
1 0.1329229963331587 0.6448561292865589 0.022786799371398637 0.04572329523058731
1 0.15872184389732844 0.6446590461174616 0.02462022001047669 0.04611746156878203
1 0.18648507071765322 0.6417027985810012 0.026191723415400735 0.039416633819471816
1 0.21267679413305396 0.6434765471028774 0.02357255107386066 0.04690579424517146
1 0.2393923520167627 0.6417027985810012 0.023048716605552647 0.04493496255419787
1 0.1141959140911472 0.5865195112337407 0.020429544264012573 0.047299960583366184
1 0.14091147197485596 0.5908553409538826 0.024096385542168676 0.05597162002364998
1 0.1686746987951807 0.5878990934174222 0.023048716605552647 0.04296413086322428
1 0.19342587742273443 0.5900670082774931 0.021739130434782608 0.046511627906976744
1 0.21870089051859612 0.589475758770201 0.022524882137244632 0.0390224674812771
1 0.24436877946568883 0.586716594402838 0.022524882137244632 0.03981080015766653
1 0.010607647983237297 0.709105242412298 0.01859612362493452 0.0520299566417028
1 0.03457307490832897 0.706346078044935 0.02462022001047669 0.05833661805281829
1 0.06390780513357779 0.7039810800157666 0.029334730225248823 0.05360662199448167
1 0.09848088004190676 0.7075285770595191 0.024096385542168676 0.05754828537642885
1 0.1255893137768465 0.7067402443831297 0.02540597171293871 0.059124950729207724
1 0.15269774751178627 0.706346078044935 0.02671555788370875 0.0607016160819866
1 0.18111576741749608 0.7093023255813954 0.023310633839706652 0.05873078439101301
1 0.20940282870612886 0.7039810800157666 0.02540597171293871 0.05597162002364998
1 0.23834468308014667 0.7073314938904217 0.02671555788370875 0.05873078439101301
1 0.009167103195390257 0.7719747733543555 0.018334206390780514 0.052424122979897514
1 0.03418019905709796 0.7739456050453292 0.02540597171293871 0.05400078833267639
1 0.06312205343111577 0.7737485218762318 0.02776322682032478 0.051241623965313364
1 0.09730225248821373 0.7729601891998423 0.022786799371398637 0.05360662199448167
1 0.12427972760607647 0.7735514387071344 0.025929806181246726 0.053212455656286954
1 0.1528287061288633 0.7715806070161608 0.02645364064955474 0.053212455656286954
1 0.1815086432687271 0.770595191170674 0.025144054478784705 0.059124950729207724
1 0.2079622839182818 0.7692156089869925 0.02566788894709272 0.053212455656286954
1 0.23808276584599267 0.7700039416633819 0.027239392352016764 0.053212455656286954
1 0.009429020429544265 0.8324793062672448 0.01885804085908853 0.051241623965313364
1 0.03352540597171294 0.8318880567599527 0.025144054478784705 0.052424122979897514
1 0.062336301728653745 0.8340559716200237 0.028287061288632794 0.051241623965313364
1 0.09808800419067575 0.8330705557745368 0.02750130958617077 0.053212455656286954
1 0.12441068622315349 0.8318880567599527 0.024096385542168676 0.05557745368545526
1 0.15178103719224725 0.8324793062672448 0.026977475117862755 0.05597162002364998
1 0.18111576741749608 0.8326763894363421 0.02645364064955474 0.05163579030350808
1 0.20822420115243584 0.8310997240835633 0.02671555788370875 0.05478912100906583
1 0.2354635935044526 0.8338588884509263 0.02357255107386066 0.052424122979897514
1 0.008643268727082242 0.892392589672842 0.017286537454164485 0.05754828537642885
1 0.0323467784180199 0.8955459203783996 0.022786799371398637 0.05439495467087111
1 0.059717129387113675 0.8931809223492314 0.02462022001047669 0.051241623965313364
1 0.09481403876375065 0.8912100906582577 0.020429544264012573 0.04887662593614505
1 0.12349397590361445 0.8939692550256209 0.02540597171293871 0.046511627906976744
1 0.15178103719224725 0.8947575877020102 0.02435830277632268 0.04808829325975562
1 0.17862755369303301 0.8927867560110366 0.024096385542168676 0.047299960583366184
1 0.2070455735987428 0.8935750886874261 0.02540597171293871 0.050453291288923924
1 0.23507071765322157 0.8967284193929839 0.025929806181246726 0.04887662593614505
1 0.2717391304347826 0.6444619629483642 0.01650078575170246 0.04808829325975562
1 0.29413305395495026 0.6442648797792668 0.01990570979570456 0.048482459597950334
1 0.321503404924044 0.6458415451320457 0.02645364064955474 0.053212455656286954
1 0.27710843373493976 0.7020102483247931 0.024096385542168676 0.046511627906976744
1 0.30434782608695654 0.701418998817501 0.020429544264012573 0.04690579424517146
1 0.33067050811943427 0.7026014978320851 0.024882137244630696 0.0476941269215609
1 0.3470403352540597 0.6454473787938511 0.020953378732320588 0.052424122979897514
1 0.37244630696699843 0.6438707134410722 0.020953378732320588 0.05163579030350808
1 0.39981665793609217 0.6436736302719748 0.02069146149816658 0.04808829325975562
1 0.35777894185437403 0.7026014978320851 0.022001047668936617 0.04454079621600315
1 0.3831849135673127 0.7012219156484036 0.023048716605552647 0.04256996452502956
1 0.40806705081194344 0.7037839968466693 0.021477213200628602 0.04296413086322428
1 0.27697747511786275 0.7654710287741426 0.021215295966474593 0.06148994875837603
1 0.3034311157674175 0.7680331099724084 0.02750130958617077 0.06030744974379188
1 0.33040859088528024 0.7674418604651163 0.022262964903090623 0.05754828537642885
1 0.35555264536406495 0.7692156089869925 0.025929806181246726 0.05873078439101301
1 0.38501833420639076 0.7688214426487978 0.02462022001047669 0.05478912100906583
1 0.41251964379256156 0.7670476941269215 0.02462022001047669 0.05439495467087111
1 0.2746202200104767 0.8338588884509263 0.02435830277632268 0.05163579030350808
1 0.30264536406495546 0.8360268033109972 0.023310633839706652 0.05675995270003942
1 0.3292299633315872 0.8358297201418999 0.025144054478784705 0.05478912100906583
1 0.356993190151912 0.8348443042964131 0.024096385542168676 0.05439495467087111
1 0.38449449973808275 0.8330705557745368 0.02357255107386066 0.057154119038234134
1 0.4109481403876375 0.8324793062672448 0.02566788894709272 0.05439495467087111
1 0.2706914614981666 0.8949546708711076 0.021215295966474593 0.05084745762711865
1 0.29465688842325827 0.8947575877020102 0.020429544264012573 0.04808829325975562
1 0.32399161864850706 0.895151754040205 0.024096385542168676 0.04887662593614505
1 0.34965950759559977 0.8961371698856918 0.025144054478784705 0.05005912495072921
1 0.37755369303300157 0.8961371698856918 0.022786799371398637 0.04690579424517146
1 0.4070193818753274 0.8965313362238865 0.02462022001047669 0.0476941269215609
