1 0.9868705035971223 0.10740740740740741 0.02553956834532374 0.15507765830346476
1 0.9552158273381295 0.1019115890083632 0.02553956834532374 0.16272401433691755
1 0.9106115107913669 0.11493428912783751 0.0737410071942446 0.13524492234169652
1 0.8307553956834532 0.11612903225806452 0.0737410071942446 0.13285543608124253
1 0.7525179856115108 0.0960573476702509 0.07122302158273382 0.16296296296296298
1 0.6793165467625899 0.094026284348865 0.07733812949640288 0.16989247311827957
1 0.5928057553956835 0.09020310633213859 0.06330935251798561 0.16845878136200718
1 0.522841726618705 0.09008363201911589 0.07014388489208633 0.16535244922341696
1 0.44046762589928057 0.09020310633213859 0.05503597122302158 0.16702508960573476
1 0.36906474820143886 0.09056152927120668 0.06906474820143885 0.17060931899641577
1 0.2931654676258993 0.08936678614097969 0.05971223021582734 0.16535244922341696
1 0.22841726618705036 0.08793309438470728 0.053237410071942444 0.16869772998805257
1 0.1528776978417266 0.08697729988052569 0.0776978417266187 0.17252090800477898
1 0.06115107913669065 0.08554360812425328 0.07697841726618705 0.16965352449223417
1 0.009172661870503597 0.08554360812425328 0.015467625899280576 0.16487455197132617
0 0.16384892086330935 0.03739545997610514 0.030575539568345324 0.011708482676224612
0 0.2489208633093525 0.07789725209080048 0.00935251798561151 0.011469534050179211
0 0.26654676258992804 0.06917562724014337 0.007194244604316547 0.01027479091995221
0 0.3793165467625899 0.07132616487455197 0.02410071942446043 0.01027479091995221
0 0.439568345323741 0.07216248506571087 0.02805755395683453 0.008602150537634409
0 0.5257194244604316 0.07096774193548387 0.026258992805755395 0.00908004778972521
0 0.5902877697841726 0.08972520908004779 0.02446043165467626 0.013142174432497013
0 0.7383093525179856 0.08207885304659499 0.02410071942446043 0.007407407407407408
0 0.04514388489208633 0.3052568697729988 0.02194244604316547 0.008363201911589008
0 0.14046762589928058 0.2951015531660693 0.021223021582733814 0.011469534050179211
0 0.2158273381294964 0.2998805256869773 0.02014388489208633 0.01099163679808841
0 0.3118705035971223 0.3009557945041816 0.029496402877697843 0.010752688172043012
0 0.39532374100719425 0.2990442054958184 0.02805755395683453 0.010752688172043012
0 0.45809352517985613 0.2971326164874552 0.02697841726618705 0.014097968936678614
0 0.5507194244604317 0.3040621266427718 0.030215827338129497 0.013620071684587814
0 0.6172661870503597 0.3072879330943847 0.03237410071942446 0.012425328554360812
0 0.6678057553956834 0.3163679808841099 0.02697841726618705 0.015770609318996417
0 0.7464028776978417 0.31385902031063323 0.025899280575539568 0.013142174432497013
0 0.8447841726618706 0.3225806451612903 0.02985611510791367 0.015770609318996417
0 0.9235611510791367 0.32222222222222224 0.026258992805755395 0.018399044205495818
0 0.9962230215827338 0.3247311827956989 0.006834532374100719 0.012425328554360812
0 0.6584532374100719 0.4017921146953405 0.09244604316546763 0.04707287933094385
0 0.8300359712230215 0.6620071684587814 0.09676258992805756 0.048506571087216246
0 0.5973021582733813 0.5415770609318996 0.02553956834532374 0.007885304659498209
0 0.4825539568345324 0.534647550776583 0.027697841726618704 0.00979689366786141
0 0.38489208633093525 0.5317801672640382 0.022302158273381296 0.00931899641577061
0 0.3129496402877698 0.5405017921146953 0.020863309352517987 0.009557945041816009
0 0.20485611510791366 0.5432497013142175 0.02697841726618705 0.008363201911589008
0 0.0618705035971223 0.533452807646356 0.011510791366906475 0.00979689366786141
0 0.03974820143884892 0.5323775388291517 0.019064748201438848 0.011469534050179211
0 0.04550359712230216 0.8223416965352449 0.02985611510791367 0.012664277180406212
0 0.11205035971223022 0.7909199522102748 0.022661870503597123 0.01863799283154122
0 0.24136690647482015 0.8064516129032258 0.03237410071942446 0.016248506571087215
0 0.29154676258992807 0.8032258064516129 0.02553956834532374 0.015053763440860216
0 0.39100719424460434 0.8088410991636799 0.025899280575539568 0.012425328554360812
0 0.47715827338129496 0.7985663082437277 0.024820143884892086 0.010513739545997611
0 0.5739208633093525 0.8221027479091996 0.019064748201438848 0.011230585424133811
0 0.5517985611510792 0.814336917562724 0.007194244604316547 0.011469534050179211
0 0.6303956834532374 0.7745519713261648 0.011151079136690648 0.008363201911589008
0 0.6451438848920863 0.7843488649940262 0.02050359712230216 0.011230585424133811
0 0.7455035971223022 0.7864994026284349 0.02697841726618705 0.00979689366786141
0 0.7877697841726619 0.774074074074074 0.017985611510791366 0.01027479091995221
0 0.7915467625899281 0.7857825567502987 0.004676258992805755 0.012186379928315413
0 0.8629496402877698 0.792831541218638 0.016546762589928057 0.015770609318996417
0 0.9859712230215827 0.8031063321385902 0.013669064748201438 0.012903225806451613
1 0.010071942446043165 0.3193548387096774 0.02014388489208633 0.16129032258064516
1 0.06708633093525179 0.3169653524492234 0.06438848920863309 0.17419354838709677
1 0.14370503597122303 0.3169653524492234 0.07517985611510791 0.17753882915173239
1 0.22302158273381295 0.3172043010752688 0.07841726618705036 0.17514934289127837
1 0.3016187050359712 0.31780167264038234 0.06798561151079137 0.17491039426523297
1 0.37805755395683455 0.31780167264038234 0.07194244604316546 0.17921146953405018
1 0.4552158273381295 0.31923536439665473 0.07589928057553957 0.18016726403823177
1 0.5348920863309352 0.31875746714456393 0.07913669064748201 0.1825567502986858
1 0.6133093525179856 0.3022700119474313 0.07410071942446043 0.15149342891278375
1 0.6748201438848921 0.3044205495818399 0.05827338129496403 0.14528076463560335
1 0.7446043165467626 0.3211469534050179 0.07841726618705036 0.17777777777777778
1 0.8321942446043166 0.3252090800477897 0.07661870503597122 0.17443249701314217
1 0.9066546762589928 0.32508960573476703 0.0658273381294964 0.17323775388291518
1 0.9723021582733813 0.32485065710872163 0.05467625899280575 0.16798088410991638
1 0.026618705035971222 0.5532855436081242 0.051798561151079135 0.1861409796893668
1 0.10251798561151079 0.5614097968936679 0.08057553956834532 0.1813620071684588
1 0.19442446043165468 0.5709677419354838 0.07302158273381296 0.16559139784946236
1 0.2935251798561151 0.5686977299880526 0.07482014388489208 0.186857825567503
1 0.38093525179856114 0.568100358422939 0.08057553956834532 0.1913978494623656
1 0.47967625899280575 0.5575866188769415 0.10107913669064748 0.21481481481481482
1 0.5803956834532374 0.5594982078853047 0.08956834532374101 0.21959378733572282
1 0.6595323741007194 0.6103942652329749 0.07446043165467627 0.10776583034647551
1 0.7446043165467626 0.6174432497013143 0.07266187050359713 0.10513739545997611
1 0.8223021582733813 0.5978494623655914 0.07338129496402877 0.07502986857825568
1 0.6794964028776979 0.5099163679808841 0.07913669064748201 0.0941457586618877
1 0.7597122302158273 0.5089605734767025 0.06762589928057554 0.0912783751493429
1 0.8345323741007195 0.5038231780167264 0.058992805755395686 0.08339307048984468
1 0.9134892086330936 0.5909199522102748 0.0802158273381295 0.17395459976105138
1 0.9755395683453237 0.5866188769414575 0.04820143884892086 0.17777777777777778
1 0.00539568345323741 0.8066905615292712 0.01079136690647482 0.14336917562724014
1 0.05431654676258993 0.8040621266427718 0.07841726618705036 0.17873357228195938
1 0.135431654676259 0.8075268817204301 0.07517985611510791 0.15794504181600955
1 0.22140287769784173 0.8032258064516129 0.07014388489208633 0.16654719235364396
1 0.30287769784172663 0.8046594982078853 0.08489208633093526 0.16798088410991638
1 0.39100719424460434 0.8173237753882915 0.08129496402877698 0.14504181600955796
1 0.47949640287769785 0.8168458781362007 0.07697841726618705 0.14743130227001194
1 0.5872302158273381 0.8420549581839905 0.0723021582733813 0.0979689366786141
1 0.552158273381295 0.7373954599761051 0.058992805755395686 0.05400238948626045
1 0.6651079136690647 0.8031063321385902 0.058992805755395686 0.16965352449223417
1 0.7377697841726619 0.80442054958184 0.0683453237410072 0.17562724014336917
1 0.8152877697841726 0.8062126642771804 0.07589928057553957 0.17634408602150536
1 0.8879496402877698 0.804778972520908 0.05143884892086331 0.16535244922341696
1 0.9577338129496403 0.8076463560334528 0.07661870503597122 0.17013142174432497
1 0.9555755395683453 0.978494623655914 0.03201438848920863 0.02867383512544803
1 0.927158273381295 0.9855436081242532 0.03920863309352518 0.017443249701314216
1 0.8257194244604317 0.980884109916368 0.052158273381294966 0.024850657108721624
1 0.7311151079136691 0.9628434886499403 0.08165467625899281 0.056630824372759854
1 0.6365107913669065 0.9774193548387097 0.11906474820143885 0.03082437275985663
1 0.4143884892086331 0.9819593787335723 0.11007194244604317 0.027001194743130227
1 0.4160071942446043 0.9606929510155316 0.10323741007194244 0.015531660692951015
1 0.4158273381294964 0.9434886499402628 0.10143884892086331 0.017921146953405017
1 0.2579136690647482 0.9347670250896057 0.0 0.00047789725209080046
1 0.30485611510791366 0.9421744324970132 0.0974820143884892 0.011469534050179211
1 0.3043165467625899 0.9547192353643966 0.10431654676258993 0.016009557945041816
1 0.2960431654676259 0.983273596176822 0.10719424460431655 0.028195937873357228
1 0.18219424460431655 0.9789725209080048 0.11474820143884892 0.03393070489844684
1 0.1908273381294964 0.9473118279569892 0.10899280575539569 0.021744324970131422
1 0.0631294964028777 0.9703703703703703 0.10251798561151079 0.05065710872162485
1 0.06672661870503598 0.934647550776583 0.0974820143884892 0.014575866188769415
